344
426
504
579
593
625
692
755
815
871
925
976
1025
1069
1112
1152
1189
1224
1258
1290
1320
1349
1375
1400
1425
1447
1468
1489
1507
1525
1543
1559
1574
1589
1603
1616
1628
1639
1650
1660
1670
1679
1687
1697
1704
1711
1719
1725
1731
1738
1742
1749
1753
1758
1763
1766
1770
1775
1777
1781
1785
1788
1791
1793
1796
1798
1801
1802
1805
1806
1810
1811
1812
1814
1815
1817
1818
1820
1822
1822
1823
1825
1826
1826
1828
1827
1828
1829
1830
1832
1832
1832
1832
1834
1834
1835
1835
1836
1836
1837
1837
1837
1838
1838
1838
1838
1840
1840
1839
1839
1840
1840
1841
1841
1841
1841
1841
1841
1842
1842
1842
1842
1842
1843
1842
1843
1843
1843
1843
1843
1843
1844
1843
1843
1844
1844
1843
1841
1837
1842
1843
1842
1842
1842
1843
1842
1843
1843
1843
1843
1843
1845
1843
1843
1843
1843
1845
1844
1843
1843
1844
1845
1844
1844
1844
1844
1843
1844
1844
1845
1844
1844
1845
1844
1843
1845
1844
1843
1845
1845
1845
1844
1845
1845
1846
1845
1845
1845
1845
1845
1846
1845
1845
1845
1845
1845
1845
1845
1845
1846
1844
1845
1846
1846
1846
1845
1846
1845
1846
1846
1845
1845
1845
1846
1845
1847
1846
1846
1846
1846
1846
1845
1846
1846
1846
1846
1847
1845
1845
1846
1845
1845
1846
1844
1846
1845
1846
1846
1846
1846
1846
1846
1846
1846
1845
1846
1846
1845
1845
1846
1845
1845
1846
1845
1846
1845
1845
1846
1845
1847
1845
1845
1846
1846
1844
1845
1838
1840
1838
1843
1844
1843
1844
1844
1844
1842
1839
1838
1836
1837
1834
1836
1843
1838
1838
1841
1840
1840
1842
1841
1841
1840
1842
1841
1845
1845
1846
1845
1846
1846
1845
1846
1846
1846
1845
1846
1846
1846
1846
1847
1847
1847
1847
1847
1848
1847
1849
1848
1848
1848
1849
1849
1847
1849
1847
1849
1848
1848
1848
1848
1848
1847
1849
1849
1849
1849
1848
1848
1850
1850
1849
1849
1849
1849
1847
1849
1847
1844
1844
1848
1849
1849
1848
1849
1849
1848
1849
1849
1848
1848
1849
1848
1848
1850
1849
1850
1850
1850
1849
1849
1850
1851
1849
1847
1849
1847
1847
1848
1848
1848
1848
1849
1849
1848
1849
1847
1849
1848
1849
1849
1850
1849
1850
1849
1849
1849
1849
1849
1849
1850
1850
1850
1848
1850
1850
1851
1850
1849
1851
1850
1849
1851
1851
1850
1851
1851
1852
1852
1850
1851
1851
1852
1852
1853
1853
1852
1853
1853
1852
1850
1848
1847
1846
1845
1844
1842
1841
1840
1839
1838
1835
1830
1823
1811
1795
1774
1749
1727
1705
1683
1662
1642
1620
1601
1584
1568
1555
1540
1525
1513
1503
1492
1482
1473
1464
1456
1447
1441
1433
1429
1423
1420
1419
1420
1421
1424
1425
1425
1418
1402
1379
1349
1314
1273
1235
1197
1162
1130
1100
1068
1043
1014
989
967
945
925
906
887
870
854
837
823
808
797
784
772
761
751
741
732
723
715
706
700
692
688
687
689
686
703
715
730
750
772
795
831
865
902
939
978
1015
1055
1092
1127
1161
1198
1232
1265
1296
1326
1355
1381
1406
1431
1453
1474
1494
1514
1532
1548
1566
1581
1595
1610
1623
1634
1645
1656
1667
1676
1686
1695
1703
1710
1718
1724
1731
1738
1743
1750
1754
1759
1764
1767
1772
1775
1779
1783
1786
1790
1794
1796
1798
1801
1805
1808
1810
1811
1814
1815
1818
1819
1820
1821
1824
1824
1826
1827
1829
1830
1831
1832
1831
1833
1834
1834
1836
1836
1836
1837
1836
1839
1839
1841
1841
1841
1841
1842
1842
1843
1842
1844
1844
1844
1844
1844
1845
1845
1843
1844
1843
1844
1843
1844
1844
1844
1843
1844
1844
1843
1843
1844
1843
1843
1843
1843
1844
1843
1843
1842
1844
1843
1842
1843
1844
1844
1844
1845
1845
1846
1846
1846
1846
1846
1846
1846
1846
1846
1846
1846
1847
1846
1847
1847
1847
1847
1846
1848
1846
1847
1847
1847
1847
1846
1847
1847
1847
1847
1847
1846
1847
1849
1847
1848
1848
1848
1847
1848
1848
1849
1849
1847
1847
1846
1846
1845
1843
1842
1841
1840
1840
1838
1837
1837
1834
1830
1826
1820
1813
1804
1792
1778
1762
1744
1724
1704
1682
1659
1635
1609
1581
1553
1522
1494
1463
1433
1401
1369
1338
1307
1277
1246
1219
1189
1161
1134
1106
1079
1052
1025
998
974
952
930
911
892
874
858
841
827
813
800
787
775
764
753
743
734
725
716
708
700
693
687
681
674
668
663
658
653
650
649
650
652
655
660
665
671
678
687
698
710
722
734
748
763
779
795
813
832
852
872
892
913
934
953
975
996
1018
1042
1062
1085
1107
1129
1150
1170
1192
1213
1234
1255
1275
1296
1318
1338
1360
1380
1402
1424
1444
1465
1484
1502
1520
1536
1551
1566
1580
1593
1606
1618
1630
1640
1650
1661
1670
1679
1688
1695
1703
1710
1717
1724
1733
1739
1744
1748
1752
1757
1762
1766
1771
1775
1778
1782
1784
1788
1792
1795
1797
1799
1803
1805
1806
1808
1810
1812
1814
1815
1816
1818
1818
1821
1821
1822
1825
1824
1825
1827
1828
1827
1829
1830
1831
1832
1832
1833
1833
1834
1835
1835
1836
1836
1837
1838
1836
1838
1838
1838
1838
1840
1839
1839
1840
1840
1840
1839
1840
1841
1841
1840
1841
1839
1840
1840
1839
1840
1842
1843
1842
1841
1839
1842
1839
1839
1841
1842
1840
1841
1842
1842
1842
1842
1843
1843
1843
1842
1843
1844
1846
1845
1845
1844
1845
1845
1845
1843
1842
1840
1841
1841
1841
1841
1841
1842
1843
1843
1842
1843
1843
1842
1841
1841
1843
1843
1842
1842
1842
1842
1842
1841
1841
1839
1841
1841
1840
1840
1844
1840
1841
1841
1841
1842
1840
1840
1841
1842
1841
1842
1842
1841
1843
1842
1841
1842
1842
1842
1841
1842
1842
1842
1843
1842
1843
1843
1842
1842
1843
1843
1843
1843
1843
1843
1843
1844
1844
1844
1843
1844
1844
1843
1844
1843
1842
1842
1844
1843
1843
1844
1843
1842
1843
1844
1844
1843
1844
1843
1843
1845
1843
1843
1844
1844
1843
1843
1845
1844
1844
1844
1844
1845
1845
1844
1845
1844
1844
1845
1845
1844
1845
1845
1845
1845
1845
1845
1845
1845
1845
1846
1846
1846
1845
1845
1846
1847
1846
1846
1846
1845
1846
1846
1842
1846
1846
1847
1847
1847
1846
1846
1847
1847
1847
1847
1847
1847
1847
1847
1847
1847
1847
1847
1847
1847
1847
1847
1846
1848
1847
1847
1847
1847
1848
1847
1846
1846
1847
1846
1846
1846
1846
1847
1846
1845
1846
1846
1847
1846
1847
1847
1846
1846
1846
1846
1847
1847
1846
1845
1846
1846
1845
1847
1846
1847
