   0.0000000e+00   0.0000000e+00
   1.0000000e-02   9.9998333e-03
   2.0000000e-02   1.9998667e-02
   3.0000000e-02   2.9995500e-02
   4.0000000e-02   3.9989334e-02
   5.0000000e-02   4.9979169e-02
   6.0000000e-02   5.9964006e-02
   7.0000000e-02   6.9942847e-02
   8.0000000e-02   7.9914694e-02
   9.0000000e-02   8.9878549e-02
   1.0000000e-01   9.9833417e-02
   1.1000000e-01   1.0977830e-01
   1.2000000e-01   1.1971221e-01
   1.3000000e-01   1.2963414e-01
   1.4000000e-01   1.3954311e-01
   1.5000000e-01   1.4943813e-01
   1.6000000e-01   1.5931821e-01
   1.7000000e-01   1.6918235e-01
   1.8000000e-01   1.7902957e-01
   1.9000000e-01   1.8885889e-01
   2.0000000e-01   1.9866933e-01
   2.1000000e-01   2.0845990e-01
   2.2000000e-01   2.1822962e-01
   2.3000000e-01   2.2797752e-01
   2.4000000e-01   2.3770263e-01
   2.5000000e-01   2.4740396e-01
   2.6000000e-01   2.5708055e-01
   2.7000000e-01   2.6673144e-01
   2.8000000e-01   2.7635565e-01
   2.9000000e-01   2.8595223e-01
   3.0000000e-01   2.9552021e-01
   3.1000000e-01   3.0505864e-01
   3.2000000e-01   3.1456656e-01
   3.3000000e-01   3.2404303e-01
   3.4000000e-01   3.3348709e-01
   3.5000000e-01   3.4289781e-01
   3.6000000e-01   3.5227423e-01
   3.7000000e-01   3.6161543e-01
   3.8000000e-01   3.7092047e-01
   3.9000000e-01   3.8018842e-01
   4.0000000e-01   3.8941834e-01
   4.1000000e-01   3.9860933e-01
   4.2000000e-01   4.0776045e-01
   4.3000000e-01   4.1687080e-01
   4.4000000e-01   4.2593947e-01
   4.5000000e-01   4.3496553e-01
   4.6000000e-01   4.4394811e-01
   4.7000000e-01   4.5288629e-01
   4.8000000e-01   4.6177918e-01
   4.9000000e-01   4.7062589e-01
   5.0000000e-01   4.7942554e-01
   5.1000000e-01   4.8817725e-01
   5.2000000e-01   4.9688014e-01
   5.3000000e-01   5.0553334e-01
   5.4000000e-01   5.1413599e-01
   5.5000000e-01   5.2268723e-01
   5.6000000e-01   5.3118620e-01
   5.7000000e-01   5.3963205e-01
   5.8000000e-01   5.4802394e-01
   5.9000000e-01   5.5636102e-01
   6.0000000e-01   5.6464247e-01
   6.1000000e-01   5.7286746e-01
   6.2000000e-01   5.8103516e-01
   6.3000000e-01   5.8914476e-01
   6.4000000e-01   5.9719544e-01
   6.5000000e-01   6.0518641e-01
   6.6000000e-01   6.1311685e-01
   6.7000000e-01   6.2098599e-01
   6.8000000e-01   6.2879302e-01
   6.9000000e-01   6.3653718e-01
   7.0000000e-01   6.4421769e-01
   7.1000000e-01   6.5183377e-01
   7.2000000e-01   6.5938467e-01
   7.3000000e-01   6.6686964e-01
   7.4000000e-01   6.7428791e-01
   7.5000000e-01   6.8163876e-01
   7.6000000e-01   6.8892145e-01
   7.7000000e-01   6.9613524e-01
   7.8000000e-01   7.0327942e-01
   7.9000000e-01   7.1035327e-01
   8.0000000e-01   7.1735609e-01
   8.1000000e-01   7.2428717e-01
   8.2000000e-01   7.3114583e-01
   8.3000000e-01   7.3793137e-01
   8.4000000e-01   7.4464312e-01
   8.5000000e-01   7.5128041e-01
   8.6000000e-01   7.5784256e-01
   8.7000000e-01   7.6432894e-01
   8.8000000e-01   7.7073888e-01
   8.9000000e-01   7.7707175e-01
   9.0000000e-01   7.8332691e-01
   9.1000000e-01   7.8950374e-01
   9.2000000e-01   7.9560162e-01
   9.3000000e-01   8.0161994e-01
   9.4000000e-01   8.0755810e-01
   9.5000000e-01   8.1341550e-01
   9.6000000e-01   8.1919157e-01
   9.7000000e-01   8.2488571e-01
   9.8000000e-01   8.3049737e-01
   9.9000000e-01   8.3602598e-01
   1.0000000e+00   8.4147098e-01
   1.0100000e+00   8.4683184e-01
   1.0200000e+00   8.5210802e-01
   1.0300000e+00   8.5729899e-01
   1.0400000e+00   8.6240423e-01
   1.0500000e+00   8.6742323e-01
   1.0600000e+00   8.7235548e-01
   1.0700000e+00   8.7720050e-01
   1.0800000e+00   8.8195781e-01
   1.0900000e+00   8.8662691e-01
   1.1000000e+00   8.9120736e-01
   1.1100000e+00   8.9569869e-01
   1.1200000e+00   9.0010044e-01
   1.1300000e+00   9.0441219e-01
   1.1400000e+00   9.0863350e-01
   1.1500000e+00   9.1276394e-01
   1.1600000e+00   9.1680311e-01
   1.1700000e+00   9.2075060e-01
   1.1800000e+00   9.2460601e-01
   1.1900000e+00   9.2836897e-01
   1.2000000e+00   9.3203909e-01
   1.2100000e+00   9.3561600e-01
   1.2200000e+00   9.3909936e-01
   1.2300000e+00   9.4248880e-01
   1.2400000e+00   9.4578400e-01
   1.2500000e+00   9.4898462e-01
   1.2600000e+00   9.5209034e-01
   1.2700000e+00   9.5510086e-01
   1.2800000e+00   9.5801586e-01
   1.2900000e+00   9.6083506e-01
   1.3000000e+00   9.6355819e-01
   1.3100000e+00   9.6618495e-01
   1.3200000e+00   9.6871510e-01
   1.3300000e+00   9.7114838e-01
   1.3400000e+00   9.7348454e-01
   1.3500000e+00   9.7572336e-01
   1.3600000e+00   9.7786460e-01
   1.3700000e+00   9.7990806e-01
   1.3800000e+00   9.8185353e-01
   1.3900000e+00   9.8370081e-01
   1.4000000e+00   9.8544973e-01
   1.4100000e+00   9.8710010e-01
   1.4200000e+00   9.8865176e-01
   1.4300000e+00   9.9010456e-01
   1.4400000e+00   9.9145835e-01
   1.4500000e+00   9.9271299e-01
   1.4600000e+00   9.9386836e-01
   1.4700000e+00   9.9492435e-01
   1.4800000e+00   9.9588084e-01
   1.4900000e+00   9.9673775e-01
   1.5000000e+00   9.9749499e-01
   1.5100000e+00   9.9815247e-01
   1.5200000e+00   9.9871014e-01
   1.5300000e+00   9.9916795e-01
   1.5400000e+00   9.9952583e-01
   1.5500000e+00   9.9978376e-01
   1.5600000e+00   9.9994172e-01
   1.5700000e+00   9.9999968e-01
   1.5800000e+00   9.9995765e-01
   1.5900000e+00   9.9981562e-01
   1.6000000e+00   9.9957360e-01
   1.6100000e+00   9.9923163e-01
   1.6200000e+00   9.9878974e-01
   1.6300000e+00   9.9824797e-01
   1.6400000e+00   9.9760638e-01
   1.6500000e+00   9.9686503e-01
   1.6600000e+00   9.9602399e-01
   1.6700000e+00   9.9508335e-01
   1.6800000e+00   9.9404320e-01
   1.6900000e+00   9.9290365e-01
   1.7000000e+00   9.9166481e-01
   1.7100000e+00   9.9032680e-01
   1.7200000e+00   9.8888977e-01
   1.7300000e+00   9.8735384e-01
   1.7400000e+00   9.8571918e-01
   1.7500000e+00   9.8398595e-01
   1.7600000e+00   9.8215432e-01
   1.7700000e+00   9.8022447e-01
   1.7800000e+00   9.7819661e-01
   1.7900000e+00   9.7607092e-01
   1.8000000e+00   9.7384763e-01
   1.8100000e+00   9.7152696e-01
   1.8200000e+00   9.6910913e-01
   1.8300000e+00   9.6659439e-01
   1.8400000e+00   9.6398300e-01
   1.8500000e+00   9.6127520e-01
   1.8600000e+00   9.5847128e-01
   1.8700000e+00   9.5557152e-01
   1.8800000e+00   9.5257619e-01
   1.8900000e+00   9.4948561e-01
   1.9000000e+00   9.4630009e-01
   1.9100000e+00   9.4301993e-01
   1.9200000e+00   9.3964547e-01
   1.9300000e+00   9.3617705e-01
   1.9400000e+00   9.3261501e-01
   1.9500000e+00   9.2895972e-01
   1.9600000e+00   9.2521152e-01
   1.9700000e+00   9.2137081e-01
   1.9800000e+00   9.1743796e-01
   1.9900000e+00   9.1341336e-01
   2.0000000e+00   9.0929743e-01
   2.0100000e+00   9.0509056e-01
   2.0200000e+00   9.0079319e-01
   2.0300000e+00   8.9640574e-01
   2.0400000e+00   8.9192865e-01
   2.0500000e+00   8.8736237e-01
   2.0600000e+00   8.8270735e-01
   2.0700000e+00   8.7796406e-01
   2.0800000e+00   8.7313298e-01
   2.0900000e+00   8.6821458e-01
   2.1000000e+00   8.6320937e-01
   2.1100000e+00   8.5811783e-01
   2.1200000e+00   8.5294048e-01
   2.1300000e+00   8.4767784e-01
   2.1400000e+00   8.4233043e-01
   2.1500000e+00   8.3689879e-01
   2.1600000e+00   8.3138346e-01
   2.1700000e+00   8.2578499e-01
   2.1800000e+00   8.2010395e-01
   2.1900000e+00   8.1434089e-01
   2.2000000e+00   8.0849640e-01
   2.2100000e+00   8.0257107e-01
   2.2200000e+00   7.9656547e-01
   2.2300000e+00   7.9048022e-01
   2.2400000e+00   7.8431593e-01
   2.2500000e+00   7.7807320e-01
   2.2600000e+00   7.7175266e-01
   2.2700000e+00   7.6535495e-01
   2.2800000e+00   7.5888071e-01
   2.2900000e+00   7.5233058e-01
   2.3000000e+00   7.4570521e-01
   2.3100000e+00   7.3900528e-01
   2.3200000e+00   7.3223144e-01
   2.3300000e+00   7.2538439e-01
   2.3400000e+00   7.1846479e-01
   2.3500000e+00   7.1147335e-01
   2.3600000e+00   7.0441077e-01
   2.3700000e+00   6.9727774e-01
   2.3800000e+00   6.9007498e-01
   2.3900000e+00   6.8280322e-01
   2.4000000e+00   6.7546318e-01
   2.4100000e+00   6.6805559e-01
   2.4200000e+00   6.6058120e-01
   2.4300000e+00   6.5304075e-01
   2.4400000e+00   6.4543500e-01
   2.4500000e+00   6.3776470e-01
   2.4600000e+00   6.3003063e-01
   2.4700000e+00   6.2223356e-01
   2.4800000e+00   6.1437426e-01
   2.4900000e+00   6.0645352e-01
   2.5000000e+00   5.9847214e-01
   2.5100000e+00   5.9043092e-01
   2.5200000e+00   5.8233065e-01
   2.5300000e+00   5.7417215e-01
   2.5400000e+00   5.6595623e-01
   2.5500000e+00   5.5768372e-01
   2.5600000e+00   5.4935544e-01
   2.5700000e+00   5.4097222e-01
   2.5800000e+00   5.3253491e-01
   2.5900000e+00   5.2404434e-01
   2.6000000e+00   5.1550137e-01
   2.6100000e+00   5.0690685e-01
   2.6200000e+00   4.9826164e-01
   2.6300000e+00   4.8956661e-01
   2.6400000e+00   4.8082261e-01
   2.6500000e+00   4.7203054e-01
   2.6600000e+00   4.6319126e-01
   2.6700000e+00   4.5430567e-01
   2.6800000e+00   4.4537464e-01
   2.6900000e+00   4.3639908e-01
   2.7000000e+00   4.2737988e-01
   2.7100000e+00   4.1831794e-01
   2.7200000e+00   4.0921417e-01
   2.7300000e+00   4.0006948e-01
   2.7400000e+00   3.9088478e-01
   2.7500000e+00   3.8166099e-01
   2.7600000e+00   3.7239904e-01
   2.7700000e+00   3.6309985e-01
   2.7800000e+00   3.5376435e-01
   2.7900000e+00   3.4439347e-01
   2.8000000e+00   3.3498815e-01
   2.8100000e+00   3.2554933e-01
   2.8200000e+00   3.1607796e-01
   2.8300000e+00   3.0657499e-01
   2.8400000e+00   2.9704135e-01
   2.8500000e+00   2.8747801e-01
   2.8600000e+00   2.7788593e-01
   2.8700000e+00   2.6826605e-01
   2.8800000e+00   2.5861935e-01
   2.8900000e+00   2.4894679e-01
   2.9000000e+00   2.3924933e-01
   2.9100000e+00   2.2952795e-01
   2.9200000e+00   2.1978361e-01
   2.9300000e+00   2.1001730e-01
   2.9400000e+00   2.0022998e-01
   2.9500000e+00   1.9042265e-01
   2.9600000e+00   1.8059627e-01
   2.9700000e+00   1.7075183e-01
   2.9800000e+00   1.6089031e-01
   2.9900000e+00   1.5101271e-01
   3.0000000e+00   1.4112001e-01
   3.0100000e+00   1.3121319e-01
   3.0200000e+00   1.2129326e-01
   3.0300000e+00   1.1136119e-01
   3.0400000e+00   1.0141799e-01
   3.0500000e+00   9.1464642e-02
   3.0600000e+00   8.1502152e-02
   3.0700000e+00   7.1531511e-02
   3.0800000e+00   6.1553717e-02
   3.0900000e+00   5.1569768e-02
   3.1000000e+00   4.1580662e-02
   3.1100000e+00   3.1587398e-02
   3.1200000e+00   2.1590976e-02
   3.1300000e+00   1.1592394e-02
   3.1400000e+00   1.5926529e-03
   3.1500000e+00  -8.4072474e-03
   3.1600000e+00  -1.8406307e-02
   3.1700000e+00  -2.8403526e-02
   3.1800000e+00  -3.8397905e-02
   3.1900000e+00  -4.8388443e-02
   3.2000000e+00  -5.8374143e-02
   3.2100000e+00  -6.8354006e-02
   3.2200000e+00  -7.8327033e-02
   3.2300000e+00  -8.8292228e-02
   3.2400000e+00  -9.8248594e-02
   3.2500000e+00  -1.0819513e-01
   3.2600000e+00  -1.1813086e-01
   3.2700000e+00  -1.2805476e-01
   3.2800000e+00  -1.3796587e-01
   3.2900000e+00  -1.4786317e-01
   3.3000000e+00  -1.5774569e-01
   3.3100000e+00  -1.6761244e-01
   3.3200000e+00  -1.7746242e-01
   3.3300000e+00  -1.8729466e-01
   3.3400000e+00  -1.9710817e-01
   3.3500000e+00  -2.0690197e-01
   3.3600000e+00  -2.1667508e-01
   3.3700000e+00  -2.2642652e-01
   3.3800000e+00  -2.3615532e-01
   3.3900000e+00  -2.4586050e-01
   3.4000000e+00  -2.5554110e-01
   3.4100000e+00  -2.6519615e-01
   3.4200000e+00  -2.7482467e-01
   3.4300000e+00  -2.8442571e-01
   3.4400000e+00  -2.9399831e-01
   3.4500000e+00  -3.0354151e-01
   3.4600000e+00  -3.1305436e-01
   3.4700000e+00  -3.2253590e-01
   3.4800000e+00  -3.3198519e-01
   3.4900000e+00  -3.4140128e-01
   3.5000000e+00  -3.5078323e-01
   3.5100000e+00  -3.6013010e-01
   3.5200000e+00  -3.6944096e-01
   3.5300000e+00  -3.7871487e-01
   3.5400000e+00  -3.8795092e-01
   3.5500000e+00  -3.9714817e-01
   3.5600000e+00  -4.0630570e-01
   3.5700000e+00  -4.1542261e-01
   3.5800000e+00  -4.2449797e-01
   3.5900000e+00  -4.3353088e-01
   3.6000000e+00  -4.4252044e-01
   3.6100000e+00  -4.5146575e-01
   3.6200000e+00  -4.6036591e-01
   3.6300000e+00  -4.6922004e-01
   3.6400000e+00  -4.7802725e-01
   3.6500000e+00  -4.8678665e-01
   3.6600000e+00  -4.9549737e-01
   3.6700000e+00  -5.0415855e-01
   3.6800000e+00  -5.1276931e-01
   3.6900000e+00  -5.2132879e-01
   3.7000000e+00  -5.2983614e-01
   3.7100000e+00  -5.3829051e-01
   3.7200000e+00  -5.4669105e-01
   3.7300000e+00  -5.5503692e-01
   3.7400000e+00  -5.6332728e-01
   3.7500000e+00  -5.7156132e-01
   3.7600000e+00  -5.7973820e-01
   3.7700000e+00  -5.8785710e-01
   3.7800000e+00  -5.9591722e-01
   3.7900000e+00  -6.0391775e-01
   3.8000000e+00  -6.1185789e-01
   3.8100000e+00  -6.1973684e-01
   3.8200000e+00  -6.2755382e-01
   3.8300000e+00  -6.3530805e-01
   3.8400000e+00  -6.4299874e-01
   3.8500000e+00  -6.5062514e-01
   3.8600000e+00  -6.5818647e-01
   3.8700000e+00  -6.6568199e-01
   3.8800000e+00  -6.7311093e-01
   3.8900000e+00  -6.8047257e-01
   3.9000000e+00  -6.8776616e-01
   3.9100000e+00  -6.9499097e-01
   3.9200000e+00  -7.0214629e-01
   3.9300000e+00  -7.0923139e-01
   3.9400000e+00  -7.1624557e-01
   3.9500000e+00  -7.2318812e-01
   3.9600000e+00  -7.3005836e-01
   3.9700000e+00  -7.3685559e-01
   3.9800000e+00  -7.4357914e-01
   3.9900000e+00  -7.5022833e-01
   4.0000000e+00  -7.5680250e-01
   4.0100000e+00  -7.6330098e-01
   4.0200000e+00  -7.6972314e-01
   4.0300000e+00  -7.7606833e-01
   4.0400000e+00  -7.8233591e-01
   4.0500000e+00  -7.8852525e-01
   4.0600000e+00  -7.9463575e-01
   4.0700000e+00  -8.0066678e-01
   4.0800000e+00  -8.0661775e-01
   4.0900000e+00  -8.1248805e-01
   4.1000000e+00  -8.1827711e-01
   4.1100000e+00  -8.2398434e-01
   4.1200000e+00  -8.2960917e-01
   4.1300000e+00  -8.3515105e-01
   4.1400000e+00  -8.4060940e-01
   4.1500000e+00  -8.4598370e-01
   4.1600000e+00  -8.5127340e-01
   4.1700000e+00  -8.5647797e-01
   4.1800000e+00  -8.6159690e-01
   4.1900000e+00  -8.6662967e-01
   4.2000000e+00  -8.7157577e-01
   4.2100000e+00  -8.7643472e-01
   4.2200000e+00  -8.8120603e-01
   4.2300000e+00  -8.8588921e-01
   4.2400000e+00  -8.9048381e-01
   4.2500000e+00  -8.9498936e-01
   4.2600000e+00  -8.9940541e-01
   4.2700000e+00  -9.0373152e-01
   4.2800000e+00  -9.0796726e-01
   4.2900000e+00  -9.1211220e-01
   4.3000000e+00  -9.1616594e-01
   4.3100000e+00  -9.2012805e-01
   4.3200000e+00  -9.2399816e-01
   4.3300000e+00  -9.2777586e-01
   4.3400000e+00  -9.3146079e-01
   4.3500000e+00  -9.3505258e-01
   4.3600000e+00  -9.3855086e-01
   4.3700000e+00  -9.4195528e-01
   4.3800000e+00  -9.4526551e-01
   4.3900000e+00  -9.4848122e-01
   4.4000000e+00  -9.5160207e-01
   4.4100000e+00  -9.5462777e-01
   4.4200000e+00  -9.5755801e-01
   4.4300000e+00  -9.6039249e-01
   4.4400000e+00  -9.6313093e-01
   4.4500000e+00  -9.6577306e-01
   4.4600000e+00  -9.6831861e-01
   4.4700000e+00  -9.7076734e-01
   4.4800000e+00  -9.7311898e-01
   4.4900000e+00  -9.7537332e-01
   4.5000000e+00  -9.7753012e-01
   4.5100000e+00  -9.7958916e-01
   4.5200000e+00  -9.8155025e-01
   4.5300000e+00  -9.8341319e-01
   4.5400000e+00  -9.8517778e-01
   4.5500000e+00  -9.8684386e-01
   4.5600000e+00  -9.8841125e-01
   4.5700000e+00  -9.8987981e-01
   4.5800000e+00  -9.9124937e-01
   4.5900000e+00  -9.9251981e-01
   4.6000000e+00  -9.9369100e-01
   4.6100000e+00  -9.9476283e-01
   4.6200000e+00  -9.9573517e-01
   4.6300000e+00  -9.9660795e-01
   4.6400000e+00  -9.9738106e-01
   4.6500000e+00  -9.9805444e-01
   4.6600000e+00  -9.9862801e-01
   4.6700000e+00  -9.9910172e-01
   4.6800000e+00  -9.9947552e-01
   4.6900000e+00  -9.9974938e-01
   4.7000000e+00  -9.9992326e-01
   4.7100000e+00  -9.9999715e-01
   4.7200000e+00  -9.9997104e-01
   4.7300000e+00  -9.9984493e-01
   4.7400000e+00  -9.9961884e-01
   4.7500000e+00  -9.9929279e-01
   4.7600000e+00  -9.9886681e-01
   4.7700000e+00  -9.9834094e-01
   4.7800000e+00  -9.9771525e-01
   4.7900000e+00  -9.9698978e-01
   4.8000000e+00  -9.9616461e-01
   4.8100000e+00  -9.9523983e-01
   4.8200000e+00  -9.9421552e-01
   4.8300000e+00  -9.9309179e-01
   4.8400000e+00  -9.9186876e-01
   4.8500000e+00  -9.9054654e-01
   4.8600000e+00  -9.8912526e-01
   4.8700000e+00  -9.8760507e-01
   4.8800000e+00  -9.8598613e-01
   4.8900000e+00  -9.8426858e-01
   4.9000000e+00  -9.8245261e-01
   4.9100000e+00  -9.8053840e-01
   4.9200000e+00  -9.7852613e-01
   4.9300000e+00  -9.7641601e-01
   4.9400000e+00  -9.7420825e-01
   4.9500000e+00  -9.7190307e-01
   4.9600000e+00  -9.6950070e-01
   4.9700000e+00  -9.6700138e-01
   4.9800000e+00  -9.6440536e-01
   4.9900000e+00  -9.6171290e-01
   5.0000000e+00  -9.5892427e-01
   5.0100000e+00  -9.5603975e-01
   5.0200000e+00  -9.5305963e-01
   5.0300000e+00  -9.4998420e-01
   5.0400000e+00  -9.4681378e-01
   5.0500000e+00  -9.4354867e-01
   5.0600000e+00  -9.4018921e-01
   5.0700000e+00  -9.3673573e-01
   5.0800000e+00  -9.3318858e-01
   5.0900000e+00  -9.2954811e-01
   5.1000000e+00  -9.2581468e-01
   5.1100000e+00  -9.2198868e-01
   5.1200000e+00  -9.1807047e-01
   5.1300000e+00  -9.1406047e-01
   5.1400000e+00  -9.0995905e-01
   5.1500000e+00  -9.0576664e-01
   5.1600000e+00  -9.0148366e-01
   5.1700000e+00  -8.9711052e-01
   5.1800000e+00  -8.9264768e-01
   5.1900000e+00  -8.8809557e-01
   5.2000000e+00  -8.8345466e-01
   5.2100000e+00  -8.7872539e-01
   5.2200000e+00  -8.7390826e-01
   5.2300000e+00  -8.6900374e-01
   5.2400000e+00  -8.6401232e-01
   5.2500000e+00  -8.5893449e-01
   5.2600000e+00  -8.5377078e-01
   5.2700000e+00  -8.4852169e-01
   5.2800000e+00  -8.4318774e-01
   5.2900000e+00  -8.3776948e-01
   5.3000000e+00  -8.3226744e-01
   5.3100000e+00  -8.2668218e-01
   5.3200000e+00  -8.2101425e-01
   5.3300000e+00  -8.1526421e-01
   5.3400000e+00  -8.0943266e-01
   5.3500000e+00  -8.0352016e-01
   5.3600000e+00  -7.9752730e-01
   5.3700000e+00  -7.9145470e-01
   5.3800000e+00  -7.8530295e-01
   5.3900000e+00  -7.7907267e-01
   5.4000000e+00  -7.7276449e-01
   5.4100000e+00  -7.6637903e-01
   5.4200000e+00  -7.5991693e-01
   5.4300000e+00  -7.5337884e-01
   5.4400000e+00  -7.4676541e-01
   5.4500000e+00  -7.4007731e-01
   5.4600000e+00  -7.3331520e-01
   5.4700000e+00  -7.2647976e-01
   5.4800000e+00  -7.1957167e-01
   5.4900000e+00  -7.1259163e-01
   5.5000000e+00  -7.0554033e-01
   5.5100000e+00  -6.9841847e-01
   5.5200000e+00  -6.9122677e-01
   5.5300000e+00  -6.8396595e-01
   5.5400000e+00  -6.7663674e-01
   5.5500000e+00  -6.6923986e-01
   5.5600000e+00  -6.6177605e-01
   5.5700000e+00  -6.5424608e-01
   5.5800000e+00  -6.4665067e-01
   5.5900000e+00  -6.3899060e-01
   5.6000000e+00  -6.3126664e-01
   5.6100000e+00  -6.2347955e-01
   5.6200000e+00  -6.1563011e-01
   5.6300000e+00  -6.0771910e-01
   5.6400000e+00  -5.9974733e-01
   5.6500000e+00  -5.9171558e-01
   5.6600000e+00  -5.8362466e-01
   5.6700000e+00  -5.7547538e-01
   5.6800000e+00  -5.6726855e-01
   5.6900000e+00  -5.5900500e-01
   5.7000000e+00  -5.5068554e-01
   5.7100000e+00  -5.4231102e-01
   5.7200000e+00  -5.3388227e-01
   5.7300000e+00  -5.2540013e-01
   5.7400000e+00  -5.1686544e-01
   5.7500000e+00  -5.0827908e-01
   5.7600000e+00  -4.9964188e-01
   5.7700000e+00  -4.9095472e-01
   5.7800000e+00  -4.8221847e-01
   5.7900000e+00  -4.7343400e-01
   5.8000000e+00  -4.6460218e-01
   5.8100000e+00  -4.5572390e-01
   5.8200000e+00  -4.4680005e-01
   5.8300000e+00  -4.3783152e-01
   5.8400000e+00  -4.2881921e-01
   5.8500000e+00  -4.1976402e-01
   5.8600000e+00  -4.1066685e-01
   5.8700000e+00  -4.0152861e-01
   5.8800000e+00  -3.9235022e-01
   5.8900000e+00  -3.8313260e-01
   5.9000000e+00  -3.7387666e-01
   5.9100000e+00  -3.6458334e-01
   5.9200000e+00  -3.5525356e-01
   5.9300000e+00  -3.4588825e-01
   5.9400000e+00  -3.3648836e-01
   5.9500000e+00  -3.2705481e-01
   5.9600000e+00  -3.1758857e-01
   5.9700000e+00  -3.0809056e-01
   5.9800000e+00  -2.9856174e-01
   5.9900000e+00  -2.8900307e-01
   6.0000000e+00  -2.7941550e-01
   6.0100000e+00  -2.6979998e-01
   6.0200000e+00  -2.6015749e-01
   6.0300000e+00  -2.5048898e-01
   6.0400000e+00  -2.4079543e-01
   6.0500000e+00  -2.3107779e-01
   6.0600000e+00  -2.2133704e-01
   6.0700000e+00  -2.1157417e-01
   6.0800000e+00  -2.0179013e-01
   6.0900000e+00  -1.9198592e-01
   6.1000000e+00  -1.8216250e-01
   6.1100000e+00  -1.7232088e-01
   6.1200000e+00  -1.6246202e-01
   6.1300000e+00  -1.5258691e-01
   6.1400000e+00  -1.4269654e-01
   6.1500000e+00  -1.3279191e-01
   6.1600000e+00  -1.2287400e-01
   6.1700000e+00  -1.1294379e-01
   6.1800000e+00  -1.0300230e-01
   6.1900000e+00  -9.3050503e-02
   6.2000000e+00  -8.3089403e-02
   6.2100000e+00  -7.3119994e-02
   6.2200000e+00  -6.3143272e-02
   6.2300000e+00  -5.3160237e-02
   6.2400000e+00  -4.3171885e-02
   6.2500000e+00  -3.3179217e-02
   6.2600000e+00  -2.3183230e-02
   6.2700000e+00  -1.3184925e-02
   6.2800000e+00  -3.1853018e-03
