         3       0.08     -0.02      0.97       0.00      0.00      0.00      -1.33     -4.66    -41.76  
         4       0.08     -0.02      0.96       0.00      0.00     -0.06      -1.33     -4.66    -41.76  
         5       0.08     -0.02      0.96      -0.06     -0.06      0.00      -1.34     -4.66    -41.76  
         6       0.08     -0.02      0.96      -0.06     -0.06      0.00      -1.34     -4.66    -41.76  
         7       0.08     -0.03      0.96      -0.06     -0.06      0.00      -1.34     -4.66    -41.76  
         8       0.08     -0.02      0.96      -0.06     -0.06      0.00      -1.35     -4.66    -41.76  
         9       0.08     -0.03      0.96       0.00      0.00      0.00      -1.35     -4.66    -41.76  
        10       0.08     -0.02      0.96       0.00      0.00      0.00      -1.35     -4.66    -41.76  
        11       0.08     -0.02      0.96       0.00     -0.06      0.06      -1.35     -4.66    -41.76  
        12       0.08     -0.02      0.96       0.00     -0.06      0.00      -1.35     -4.66    -41.76  
        13       0.08     -0.02      0.96       0.00     -0.06      0.00      -1.35     -4.66    -41.76  
        14       0.08     -0.02      0.96       0.00      0.00      0.00      -1.35     -4.66    -41.76  
        15       0.08     -0.02      0.96       0.00     -0.06      0.00      -1.35     -4.66    -41.76  
        16       0.08     -0.02      0.96       0.00     -0.06      0.00      -1.35     -4.66    -41.76  
        17       0.08     -0.02      0.96       0.00     -0.06      0.00      -1.35     -4.66    -41.76  
        18       0.08     -0.02      0.96      -0.06     -0.12      0.00      -1.35     -4.66    -41.76  
        19       0.08     -0.02      0.96       0.00      0.00      0.00      -1.35     -4.66    -41.76  
        20       0.08     -0.02      0.96       0.00      0.00      0.00      -1.35     -4.66    -41.76  
        21       0.08     -0.02      0.96       0.00      0.00      0.00      -1.35     -4.66    -41.76  
        22       0.08     -0.02      0.96       0.00      0.00      0.06      -1.35     -4.66    -41.76  
        23       0.08     -0.02      0.96      -0.06      0.00      0.06      -1.35     -4.66    -41.76  
        24       0.08     -0.02      0.96       0.00      0.00      0.00      -1.35     -4.66    -41.76  
        25       0.08     -0.02      0.96       0.00      0.00      0.00      -1.35     -4.66    -41.76  
        26       0.08     -0.02      0.96       0.00      0.00      0.00      -1.35     -4.66    -41.76  
        27       0.08     -0.02      0.96      -0.06     -0.06      0.00      -1.35     -4.66    -41.76  
        28       0.08     -0.02      0.96      -0.06      0.00      0.00      -1.35     -4.66    -41.76  
        29       0.08     -0.02      0.96      -0.06      0.00      0.00      -1.35     -4.66    -41.76  
        30       0.08     -0.02      0.96      -0.06      0.00      0.00      -1.35     -4.66    -41.76  
        31       0.08     -0.02      0.96       0.00     -0.06      0.00      -1.35     -4.66    -41.76  
        32       0.08     -0.02      0.96       0.00      0.00      0.00      -1.35     -4.66    -41.76  
        33       0.08     -0.02      0.96       0.00      0.00      0.00      -1.35     -4.66    -41.76  
        34       0.08     -0.02      0.96       0.00      0.00      0.00      -1.35     -4.66    -41.76  
        35       0.08     -0.02      0.96       0.00     -0.06      0.00      -1.35     -4.66    -41.76  
        36       0.08     -0.02      0.96      -0.06     -0.06      0.00      -1.35     -4.66    -41.76  
        37       0.08     -0.02      0.96       0.00     -0.06      0.00      -1.35     -4.66    -41.76  
        38       0.08     -0.02      0.96       0.00     -0.06      0.00      -1.35     -4.66    -41.76  
        39       0.08     -0.02      0.96       0.00     -0.06      0.00      -1.35     -4.66    -41.76  
        40       0.08     -0.02      0.96       0.00     -0.06      0.00      -1.35     -4.66    -41.76  
        41       0.08     -0.02      0.96       0.00     -0.06      0.00      -1.34     -4.66    -41.76  
        42       0.08     -0.02      0.96      -0.06     -0.06      0.06      -1.35     -4.66    -41.76  
        43       0.08     -0.02      0.96       0.00     -0.06      0.00      -1.34     -4.66    -41.76  
        44       0.08     -0.02      0.96       0.00     -0.06      0.00      -1.34     -4.66    -41.76  
        45       0.08     -0.02      0.96      -0.06     -0.06      0.00      -1.34     -4.67    -41.76  
        46       0.08     -0.02      0.96       0.00     -0.06      0.00      -1.34     -4.66    -41.76  
        47       0.08     -0.02      0.96       0.06      0.00      0.00      -1.34     -4.67    -41.76  
        48       0.08     -0.02      0.96       0.00      0.00      0.00      -1.34     -4.67    -41.76  
        49       0.08     -0.02      0.96       0.00      0.00      0.00      -1.34     -4.67    -41.76  
        50       0.08     -0.02      0.96       0.00      0.00     -0.06      -1.34     -4.67    -41.76  
        51       0.08     -0.02      0.96       0.00     -0.06      0.00      -1.34     -4.67    -41.76  
        52       0.08     -0.02      0.96       0.00      0.00      0.00      -1.34     -4.67    -41.76  
        53       0.08     -0.02      0.96       0.00      0.00      0.00      -1.34     -4.67    -41.76  
        54       0.08     -0.02      0.96       0.00      0.00      0.00      -1.34     -4.67    -41.76  
        55       0.08     -0.02      0.96       0.00      0.00      0.00      -1.34     -4.67    -41.76  
        56       0.08     -0.02      0.96      -0.06      0.00      0.00      -1.34     -4.67    -41.76  
        57       0.08     -0.02      0.96       0.00      0.00      0.00      -1.34     -4.67    -41.76  
        58       0.08     -0.02      0.96       0.00      0.00      0.00      -1.34     -4.67    -41.76  
        59       0.08     -0.02      0.96       0.00      0.00      0.00      -1.34     -4.67    -41.76  
        60       0.08     -0.02      0.96       0.00      0.06      0.00      -1.34     -4.66    -41.76  
        61       0.08     -0.02      0.96      -0.06      0.00      0.00      -1.34     -4.66    -41.76  
        62       0.08     -0.02      0.96       0.00     -0.06      0.00      -1.34     -4.66    -41.76  
        63       0.08     -0.02      0.96       0.00     -0.06      0.00      -1.34     -4.66    -41.76  
        64       0.08     -0.02      0.96       0.00     -0.06      0.00      -1.34     -4.67    -41.76  
        65       0.08     -0.02      0.96       0.00      0.00      0.00      -1.35     -4.67    -41.76  
        66       0.08     -0.02      0.96       0.00      0.00      0.06      -1.34     -4.66    -41.76  
        67       0.08     -0.02      0.96       0.00      0.00      0.06      -1.34     -4.67    -41.76  
        68       0.08     -0.02      0.96       0.00      0.00      0.06      -1.34     -4.67    -41.76  
        69       0.08     -0.02      0.96       0.00     -0.06      0.00      -1.35     -4.67    -41.76  
        70       0.08     -0.02      0.96      -0.06     -0.06      0.00      -1.35     -4.67    -41.76  
        71       0.08     -0.02      0.96      -0.06      0.00      0.00      -1.35     -4.67    -41.76  
        72       0.08     -0.02      0.96       0.00      0.00      0.06      -1.35     -4.67    -41.76  
        73       0.08     -0.02      0.96       0.00      0.06      0.00      -1.35     -4.67    -41.76  
        74       0.08     -0.02      0.96       0.00      0.00      0.06      -1.35     -4.67    -41.76  
        75       0.08     -0.02      0.96       0.00      0.00      0.00      -1.35     -4.67    -41.76  
        76       0.08     -0.02      0.96       0.00     -0.06      0.00      -1.35     -4.67    -41.76  
        77       0.08     -0.02      0.96       0.00      0.00      0.00      -1.35     -4.67    -41.76  
        78       0.08     -0.02      0.96      -0.06      0.00      0.06      -1.35     -4.67    -41.76  
        79       0.08     -0.02      0.96       0.00     -0.06      0.00      -1.35     -4.67    -41.76  
        80       0.08     -0.02      0.96       0.00      0.00      0.00      -1.35     -4.67    -41.76  
        81       0.08     -0.02      0.96       0.00     -0.06      0.00      -1.35     -4.67    -41.76  
        82       0.08     -0.02      0.96      -0.06     -0.06      0.00      -1.35     -4.67    -41.76  
        83       0.08     -0.02      0.96       0.00     -0.06      0.00      -1.35     -4.67    -41.76  
        84       0.08     -0.02      0.96      -0.06      0.00      0.00      -1.35     -4.67    -41.76  
        85       0.08     -0.02      0.96      -0.06     -0.06      0.00      -1.35     -4.67    -41.76  
        86       0.08     -0.02      0.96      -0.06      0.00      0.00      -1.35     -4.67    -41.76  
        87       0.08     -0.02      0.96      -0.06      0.00      0.00      -1.35     -4.67    -41.76  
        88       0.08     -0.02      0.96      -0.06      0.00      0.00      -1.35     -4.67    -41.76  
        89       0.08     -0.02      0.96      -0.06      0.00      0.00      -1.35     -4.66    -41.76  
        90       0.08     -0.02      0.96      -0.06     -0.06      0.00      -1.35     -4.66    -41.76  
        91       0.08     -0.02      0.96       0.00     -0.06      0.00      -1.35     -4.67    -41.76  
        92       0.08     -0.02      0.96       0.00     -0.06      0.00      -1.35     -4.67    -41.76  
        93       0.08     -0.02      0.96       0.00     -0.06      0.06      -1.35     -4.67    -41.76  
        94       0.08     -0.02      0.96       0.00      0.00      0.00      -1.35     -4.66    -41.76  
        95       0.08     -0.02      0.96       0.00      0.00      0.00      -1.35     -4.66    -41.76  
        96       0.08     -0.02      0.96       0.00      0.00      0.00      -1.35     -4.66    -41.76  
        97       0.08     -0.02      0.96       0.00      0.00      0.00      -1.35     -4.66    -41.76  
        98       0.08     -0.02      0.96       0.00     -0.06      0.00      -1.35     -4.66    -41.76  
        99       0.08     -0.02      0.96       0.00     -0.06      0.00      -1.35     -4.66    -41.76  
       100       0.08     -0.02      0.96       0.00      0.00      0.00      -1.35     -4.66    -41.76  
       101       0.08     -0.02      0.96       0.00      0.00      0.00      -1.35     -4.66    -41.76  
       102       0.08     -0.02      0.96       0.06      0.00      0.00      -1.35     -4.66    -41.76  
       103       0.08     -0.02      0.96       0.00      0.00      0.00      -1.35     -4.66    -41.76  
       104       0.08     -0.02      0.96       0.00      0.00      0.00      -1.35     -4.66    -41.76  
       105       0.08     -0.02      0.97       0.00      0.00      0.00      -1.35     -4.66    -41.76  
       106       0.08     -0.02      0.96       0.00     -0.06      0.06      -1.35     -4.66    -41.76  
       107       0.08     -0.02      0.96       0.00     -0.06      0.00      -1.35     -4.66    -41.76  
       108       0.08     -0.02      0.96       0.00     -0.06      0.06      -1.35     -4.66    -41.76  
       109       0.08     -0.02      0.96       0.00     -0.06      0.06      -1.35     -4.66    -41.76  
       110       0.08     -0.02      0.96       0.00     -0.06      0.06      -1.35     -4.66    -41.76  
       111       0.08     -0.02      0.96       0.00     -0.06      0.06      -1.35     -4.66    -41.76  
       112       0.08     -0.02      0.96       0.00      0.00      0.00      -1.35     -4.66    -41.76  
       113       0.08     -0.02      0.96       0.00      0.00      0.00      -1.35     -4.66    -41.76  
       114       0.08     -0.02      0.96       0.00      0.00     -0.06      -1.35     -4.66    -41.76  
       115       0.08     -0.02      0.96      -0.06     -0.06      0.00      -1.35     -4.66    -41.76  
       116       0.08     -0.02      0.96      -0.06     -0.06      0.00      -1.35     -4.66    -41.76  
       117       0.08     -0.02      0.96       0.00      0.00      0.00      -1.35     -4.66    -41.76  
       118       0.08     -0.02      0.96      -0.06     -0.06      0.00      -1.35     -4.66    -41.76  
       119       0.08     -0.02      0.96       0.00      0.00      0.00      -1.35     -4.66    -41.76  
       120       0.08     -0.02      0.96       0.00      0.00      0.00      -1.35     -4.66    -41.76  
       121       0.08     -0.02      0.96       0.00      0.00      0.00      -1.35     -4.66    -41.76  
       122       0.08     -0.02      0.96       0.00     -0.06      0.00      -1.35     -4.66    -41.76  
       123       0.08     -0.02      0.96       0.00     -0.06     -0.06      -1.35     -4.66    -41.76  
       124       0.08     -0.02      0.96       0.00      0.00      0.00      -1.35     -4.66    -41.76  
       125       0.08     -0.02      0.96       0.00      0.00      0.00      -1.35     -4.66    -41.76  
       126       0.08     -0.02      0.96       0.00      0.00     -0.06      -1.35     -4.66    -41.76  
       127       0.08     -0.02      0.96      -0.06      0.00     -0.06      -1.35     -4.66    -41.76  
       128       0.08     -0.02      0.96      -0.06     -0.06     -0.06      -1.35     -4.66    -41.76  
       129       0.08     -0.02      0.96       0.00     -0.06      0.00      -1.35     -4.66    -41.76  
       130       0.08     -0.02      0.96      -0.06     -0.06      0.06      -1.35     -4.66    -41.76  
       131       0.08     -0.02      0.96       0.00      0.00      0.06      -1.35     -4.66    -41.76  
       132       0.08     -0.02      0.96       0.00      0.00      0.06      -1.35     -4.66    -41.76  
       133       0.08     -0.02      0.96       0.00     -0.06      0.00      -1.35     -4.66    -41.76  
       134       0.08     -0.02      0.96       0.00      0.00      0.06      -1.35     -4.66    -41.76  
       135       0.08     -0.02      0.96       0.00      0.00      0.00      -1.35     -4.66    -41.76  
       136       0.08     -0.02      0.96       0.00      0.00      0.00      -1.35     -4.66    -41.76  
       137       0.08     -0.02      0.96       0.00      0.00      0.06      -1.35     -4.66    -41.76  
       138       0.08     -0.02      0.96       0.00      0.00      0.00      -1.35     -4.66    -41.76  
       139       0.08     -0.02      0.96      -0.06     -0.06      0.00      -1.35     -4.66    -41.76  
       140       0.08     -0.02      0.96      -0.06     -0.06      0.06      -1.35     -4.66    -41.76  
       141       0.08     -0.02      0.96       0.00     -0.06      0.00      -1.35     -4.66    -41.76  
       142       0.08     -0.02      0.96       0.00     -0.06      0.06      -1.35     -4.66    -41.76  
       143       0.08     -0.02      0.96       0.06     -0.06      0.06      -1.35     -4.66    -41.76  
       144       0.08     -0.02      0.96       0.00      0.00      0.00      -1.35     -4.66    -41.76  
       145       0.08     -0.02      0.96      -0.06     -0.06      0.00      -1.35     -4.67    -41.76  
       146       0.08     -0.02      0.96       0.00     -0.06      0.00      -1.35     -4.67    -41.76  
       147       0.08     -0.02      0.96      -0.06      0.00      0.00      -1.35     -4.67    -41.76  
       148       0.08     -0.02      0.96       0.00      0.00      0.06      -1.35     -4.67    -41.76  
       149       0.08     -0.02      0.96       0.00      0.00      0.00      -1.35     -4.67    -41.76  
       150       0.08     -0.02      0.96       0.00      0.00      0.00      -1.35     -4.66    -41.76  
       151       0.08     -0.02      0.96       0.06      0.00      0.00      -1.34     -4.66    -41.76  
       152       0.08     -0.02      0.96       0.00      0.00      0.00      -1.34     -4.66    -41.76  
       153       0.08     -0.02      0.96       0.00      0.00      0.00      -1.34     -4.67    -41.76  
       154       0.08     -0.02      0.96       0.00      0.00      0.00      -1.35     -4.67    -41.76  
       155       0.08     -0.02      0.96       0.00      0.00      0.06      -1.35     -4.67    -41.76  
       156       0.08     -0.02      0.96       0.00      0.00      0.06      -1.35     -4.67    -41.76  
       157       0.08     -0.02      0.96      -0.06      0.00      0.00      -1.35     -4.67    -41.76  
       158       0.08     -0.02      0.96       0.00      0.00      0.00      -1.35     -4.67    -41.76  
       159       0.08     -0.02      0.96       0.00      0.00      0.00      -1.35     -4.67    -41.76  
       160       0.08     -0.02      0.96       0.00      0.00     -0.06      -1.35     -4.67    -41.76  
       161       0.08     -0.02      0.96      -0.06      0.00     -0.06      -1.35     -4.66    -41.76  
       162       0.08     -0.02      0.96       0.00      0.00      0.00      -1.35     -4.67    -41.76  
       163       0.08     -0.02      0.96       0.00      0.00      0.00      -1.35     -4.66    -41.76  
       164       0.08     -0.02      0.96       0.00      0.00      0.00      -1.35     -4.66    -41.76  
       165       0.08     -0.02      0.96       0.00      0.00      0.00      -1.35     -4.66    -41.76  
       166       0.08     -0.02      0.96       0.00     -0.06      0.00      -1.35     -4.66    -41.76  
       167       0.08     -0.02      0.96      -0.06      0.00      0.00      -1.35     -4.66    -41.76  
       168       0.08     -0.02      0.96       0.00      0.00      0.00      -1.35     -4.66    -41.76  
       169       0.08     -0.02      0.96       0.00     -0.06      0.00      -1.35     -4.66    -41.76  
       170       0.08     -0.02      0.96       0.00      0.00      0.00      -1.35     -4.66    -41.76  
       171       0.08     -0.02      0.96       0.00     -0.06      0.00      -1.35     -4.66    -41.76  
       172       0.08     -0.02      0.96       0.00     -0.06      0.00      -1.35     -4.66    -41.76  
       173       0.08     -0.02      0.96       0.00     -0.06      0.06      -1.35     -4.66    -41.76  
       174       0.08     -0.02      0.96      -0.06     -0.06      0.00      -1.35     -4.66    -41.76  
       175       0.08     -0.02      0.96       0.00     -0.06      0.00      -1.35     -4.66    -41.76  
       176       0.08     -0.02      0.96       0.00     -0.06      0.00      -1.35     -4.66    -41.76  
       177       0.08     -0.02      0.96       0.00      0.00      0.00      -1.35     -4.66    -41.76  
       178       0.08     -0.02      0.96       0.00      0.00      0.00      -1.35     -4.66    -41.76  
       179       0.08     -0.02      0.96       0.00      0.06      0.00      -1.35     -4.66    -41.76  
       180       0.08     -0.02      0.96       0.00      0.00      0.00      -1.35     -4.66    -41.76  
       181       0.08     -0.02      0.96      -0.06     -0.06      0.00      -1.35     -4.66    -41.76  
       182       0.08     -0.02      0.96      -0.06     -0.06      0.06      -1.35     -4.66    -41.76  
       183       0.08     -0.02      0.96       0.00     -0.06      0.00      -1.35     -4.66    -41.76  
       184       0.08     -0.02      0.96       0.00     -0.06      0.00      -1.35     -4.66    -41.76  
       185       0.08     -0.02      0.96       0.00      0.00      0.00      -1.35     -4.66    -41.76  
       186       0.08     -0.02      0.96       0.00      0.00      0.00      -1.35     -4.66    -41.76  
       187       0.08     -0.02      0.96       0.00      0.00      0.00      -1.35     -4.66    -41.76  
       188       0.08     -0.02      0.96       0.00      0.00      0.00      -1.35     -4.66    -41.76  
       189       0.08     -0.02      0.96       0.00      0.00      0.00      -1.35     -4.66    -41.76  
       190       0.08     -0.02      0.96      -0.06      0.00      0.06      -1.35     -4.66    -41.76  
       191       0.08     -0.02      0.96       0.00      0.00      0.06      -1.35     -4.66    -41.76  
       192       0.08     -0.02      0.96       0.00      0.00      0.00      -1.35     -4.66    -41.76  
       193       0.08     -0.02      0.96       0.00      0.00      0.00      -1.35     -4.66    -41.76  
       194       0.08     -0.02      0.96       0.00     -0.06      0.06      -1.35     -4.66    -41.76  
       195       0.08     -0.02      0.96       0.00      0.00      0.00      -1.35     -4.66    -41.76  
       196       0.08     -0.02      0.96       0.00     -0.06      0.00      -1.34     -4.66    -41.76  
       197       0.08     -0.02      0.96      -0.06     -0.06      0.00      -1.35     -4.66    -41.76  
       198       0.08     -0.02      0.96      -0.06     -0.06      0.00      -1.35     -4.66    -41.76  
       199       0.08     -0.02      0.96       0.00      0.00      0.00      -1.35     -4.66    -41.76  
       200       0.08     -0.02      0.96       0.00      0.00      0.00      -1.35     -4.66    -41.76  
       201       0.08     -0.02      0.96       0.00      0.00      0.00      -1.35     -4.66    -41.76  
       202       0.08     -0.02      0.96      -0.06      0.00      0.06      -1.35     -4.66    -41.76  
       203       0.08     -0.02      0.96      -0.06      0.00      0.00      -1.35     -4.66    -41.76  
       204       0.08     -0.02      0.96      -0.06     -0.06      0.00      -1.35     -4.66    -41.76  
       205       0.08     -0.02      0.96      -0.06     -0.06      0.00      -1.35     -4.66    -41.76  
       206       0.08     -0.02      0.96       0.00     -0.06      0.00      -1.35     -4.66    -41.76  
       207       0.08     -0.02      0.96       0.00     -0.06      0.00      -1.35     -4.66    -41.76  
       208       0.08     -0.02      0.96       0.00     -0.06      0.00      -1.35     -4.66    -41.76  
       209       0.08     -0.02      0.96       0.00     -0.06      0.00      -1.35     -4.67    -41.76  
       210       0.08     -0.02      0.96       0.00     -0.06      0.00      -1.35     -4.67    -41.76  
       211       0.08     -0.02      0.96       0.00     -0.06      0.00      -1.35     -4.66    -41.76  
       212       0.08     -0.02      0.96       0.00     -0.06      0.06      -1.35     -4.66    -41.76  
       213       0.08     -0.02      0.96       0.00      0.00      0.06      -1.35     -4.66    -41.76  
       214       0.08     -0.02      0.96       0.00     -0.06      0.06      -1.35     -4.66    -41.76  
       215       0.08     -0.02      0.96       0.00     -0.06      0.00      -1.35     -4.66    -41.76  
       216       0.08     -0.02      0.96      -0.06     -0.06      0.00      -1.35     -4.66    -41.76  
       217       0.08     -0.02      0.96      -0.06     -0.06      0.00      -1.35     -4.66    -41.76  
       218       0.08     -0.02      0.96       0.00     -0.06      0.00      -1.35     -4.67    -41.76  
       219       0.08     -0.02      0.96      -0.06     -0.06      0.00      -1.35     -4.67    -41.76  
       220       0.08     -0.02      0.96      -0.06     -0.06      0.00      -1.35     -4.67    -41.76  
       221       0.08     -0.02      0.96       0.00      0.06      0.00      -1.35     -4.67    -41.76  
       222       0.08     -0.02      0.96       0.06      0.00      0.00      -1.35     -4.67    -41.76  
       223       0.08     -0.02      0.96       0.00      0.00      0.00      -1.35     -4.67    -41.76  
       224       0.08     -0.02      0.96       0.00      0.00      0.00      -1.35     -4.67    -41.76  
       225       0.08     -0.02      0.96       0.00     -0.06      0.00      -1.35     -4.66    -41.76  
       226       0.08     -0.02      0.96       0.00     -0.06      0.00      -1.35     -4.67    -41.76  
       227       0.08     -0.02      0.96       0.00      0.00      0.00      -1.35     -4.67    -41.76  
       228       0.08     -0.02      0.96       0.00      0.00      0.00      -1.35     -4.66    -41.76  
       229       0.08     -0.02      0.96      -0.06     -0.06      0.00      -1.35     -4.67    -41.76  
       230       0.08     -0.02      0.96       0.00     -0.06      0.00      -1.35     -4.67    -41.76  
       231       0.08     -0.02      0.96       0.00      0.00      0.00      -1.35     -4.67    -41.76  
       232       0.08     -0.02      0.96       0.00      0.00      0.00      -1.35     -4.67    -41.76  
       233       0.08     -0.02      0.96       0.00      0.00      0.06      -1.35     -4.67    -41.76  
       234       0.08     -0.02      0.96       0.00      0.00      0.06      -1.35     -4.67    -41.76  
       235       0.07     -0.02      0.96      -0.06     -0.06      0.00      -1.35     -4.67    -41.76  
       236       0.08     -0.02      0.96       0.00     -0.06      0.00      -1.35     -4.67    -41.76  
       237       0.08     -0.02      0.96      -0.06      0.00      0.00      -1.35     -4.67    -41.76  
       238       0.08     -0.02      0.96      -0.06     -0.06      0.00      -1.35     -4.67    -41.76  
       239       0.08     -0.02      0.96       0.00     -0.06      0.00      -1.35     -4.67    -41.76  
       240       0.08     -0.02      0.96       0.00     -0.06      0.00      -1.35     -4.67    -41.76  
       241       0.08     -0.02      0.96       0.00     -0.06      0.00      -1.35     -4.67    -41.76  
       242       0.08     -0.02      0.96       0.00      0.00      0.00      -1.35     -4.67    -41.76  
       243       0.08     -0.02      0.96       0.00     -0.06      0.00      -1.35     -4.67    -41.76  
       244       0.08     -0.02      0.96       0.00      0.00      0.00      -1.35     -4.67    -41.76  
       245       0.08     -0.02      0.96      -0.06      0.00      0.06      -1.35     -4.66    -41.76  
       246       0.08     -0.02      0.96       0.00      0.00      0.06      -1.35     -4.66    -41.76  
       247       0.08     -0.02      0.96       0.00      0.00      0.00      -1.35     -4.66    -41.76  
       248       0.08     -0.02      0.96       0.00     -0.06      0.00      -1.35     -4.66    -41.76  
       249       0.08     -0.02      0.96       0.00     -0.06      0.00      -1.35     -4.66    -41.76  
       250       0.08     -0.02      0.96      -0.06     -0.06      0.00      -1.35     -4.67    -41.76  
       251       0.08     -0.02      0.96       0.00      0.00      0.00      -1.35     -4.66    -41.76  
       252       0.08     -0.02      0.96      -0.06      0.00      0.00      -1.35     -4.66    -41.76  
       253       0.08     -0.02      0.96      -0.06     -0.06      0.06      -1.35     -4.66    -41.76  
       254       0.08     -0.02      0.96       0.00     -0.06      0.06      -1.35     -4.66    -41.76  
       255       0.08     -0.02      0.96      -0.06     -0.06      0.00      -1.35     -4.66    -41.76  
       256       0.08     -0.02      0.96      -0.06     -0.06      0.00      -1.36     -4.66    -41.76  
       257       0.08     -0.02      0.96       0.00      0.00     -0.06      -1.36     -4.66    -41.76  
       258       0.08     -0.02      0.96       0.00      0.06     -0.06      -1.36     -4.66    -41.76  
       259       0.08     -0.02      0.96      -0.06     -0.06      0.00      -1.36     -4.66    -41.76  
       260       0.08     -0.02      0.96       0.00      0.00      0.00      -1.36     -4.66    -41.76  
       261       0.08     -0.02      0.96      -0.06      0.00      0.06      -1.36     -4.66    -41.76  
       262       0.08     -0.02      0.96       0.00      0.00      0.00      -1.35     -4.66    -41.76  
       263       0.08     -0.02      0.96       0.00      0.00     -0.06      -1.35     -4.66    -41.76  
       264       0.08     -0.02      0.96      -0.06      0.00      0.00      -1.36     -4.66    -41.76  
       265       0.08     -0.02      0.97       0.00     -0.06      0.00      -1.36     -4.66    -41.76  
       266       0.08     -0.02      0.96       0.00     -0.06      0.00      -1.36     -4.66    -41.76  
       267       0.08     -0.02      0.96      -0.06      0.00      0.00      -1.36     -4.66    -41.76  
       268       0.08     -0.02      0.96      -0.06      0.00      0.00      -1.36     -4.66    -41.76  
       269       0.08     -0.02      0.96      -0.06      0.00      0.00      -1.36     -4.66    -41.76  
       270       0.08     -0.02      0.96       0.00     -0.06      0.00      -1.36     -4.66    -41.76  
       271       0.08     -0.02      0.96       0.00      0.00      0.00      -1.36     -4.66    -41.76  
       272       0.08     -0.02      0.96       0.06      0.00      0.00      -1.36     -4.66    -41.76  
       273       0.08     -0.02      0.96       0.00      0.00      0.00      -1.35     -4.66    -41.76  
       274       0.08     -0.02      0.96      -0.06     -0.06      0.00      -1.35     -4.66    -41.76  
       275       0.08     -0.02      0.96       0.00     -0.06      0.00      -1.35     -4.66    -41.76  
       276       0.08     -0.02      0.96      -0.06     -0.06      0.00      -1.35     -4.66    -41.76  
       277       0.08     -0.02      0.96       0.00      0.00      0.06      -1.35     -4.66    -41.76  
       278       0.08     -0.02      0.96      -0.06      0.00      0.06      -1.35     -4.66    -41.76  
       279       0.08     -0.02      0.96      -0.06      0.00      0.06      -1.35     -4.66    -41.76  
       280       0.08     -0.02      0.96      -0.06      0.00      0.00      -1.35     -4.66    -41.76  
       281       0.08     -0.02      0.96       0.00      0.00      0.00      -1.35     -4.66    -41.76  
       282       0.08     -0.02      0.96       0.00     -0.06      0.00      -1.35     -4.66    -41.76  
       283       0.08     -0.02      0.96       0.00      0.00     -0.06      -1.35     -4.66    -41.76  
       284       0.08     -0.02      0.96      -0.06      0.00      0.00      -1.36     -4.66    -41.76  
       285       0.08     -0.02      0.96       0.00     -0.06      0.00      -1.36     -4.65    -41.76  
       286       0.08     -0.02      0.96      -0.06      0.00      0.00      -1.35     -4.65    -41.76  
       287       0.08     -0.02      0.96       0.00      0.00      0.00      -1.35     -4.65    -41.76  
       288       0.08     -0.02      0.96       0.00     -0.06      0.00      -1.35     -4.65    -41.76  
       289       0.08     -0.02      0.96       0.00      0.00      0.00      -1.35     -4.65    -41.76  
       290       0.08     -0.02      0.96       0.00      0.00      0.00      -1.35     -4.65    -41.76  
       291       0.08     -0.02      0.96      -0.06     -0.06      0.00      -1.35     -4.65    -41.76  
       292       0.08     -0.02      0.96       0.00      0.00      0.00      -1.36     -4.65    -41.76  
       293       0.08     -0.02      0.96      -0.06      0.00      0.00      -1.36     -4.65    -41.76  
       294       0.08     -0.02      0.96       0.00      0.00      0.06      -1.35     -4.65    -41.76  
       295       0.08     -0.02      0.96       0.00      0.00      0.06      -1.35     -4.65    -41.76  
       296       0.08     -0.02      0.96      -0.06      0.00      0.06      -1.36     -4.65    -41.76  
       297       0.08     -0.02      0.96      -0.06      0.00      0.06      -1.36     -4.65    -41.76  
       298       0.08     -0.02      0.96       0.00      0.00      0.00      -1.35     -4.65    -41.76  
       299       0.08     -0.02      0.96       0.00      0.00      0.00      -1.35     -4.65    -41.76  
       300       0.08     -0.02      0.96       0.00     -0.06      0.00      -1.35     -4.65    -41.76  
       301       0.08     -0.02      0.96       0.00      0.00      0.00      -1.35     -4.65    -41.76  
       302       0.08     -0.02      0.96       0.00     -0.06      0.00      -1.35     -4.65    -41.76  
       303       0.08     -0.02      0.96       0.00      0.00      0.00      -1.35     -4.65    -41.76  
       304       0.08     -0.02      0.96       0.00      0.06      0.00      -1.35     -4.65    -41.76  
       305       0.08     -0.02      0.96       0.00      0.06      0.06      -1.35     -4.65    -41.76  
       306       0.08     -0.02      0.96      -0.06     -0.06      0.00      -1.35     -4.65    -41.76  
       307       0.08     -0.02      0.96       0.00      0.00     -0.06      -1.35     -4.65    -41.76  
       308       0.08     -0.02      0.96       0.00     -0.06      0.00      -1.35     -4.65    -41.76  
       309       0.08     -0.02      0.97       0.00      0.06      0.00      -1.35     -4.65    -41.76  
       310       0.08     -0.02      0.97      -0.24      0.73      0.00      -1.35     -4.65    -41.76  
       311       0.09     -0.02      0.97      -0.43      1.04      0.00      -1.35     -4.64    -41.76  
       312       0.40     -0.01      0.94      -0.43      0.79      2.44      -1.35     -4.82    -41.74  
       313       0.57     -0.03      0.92       0.49      0.37     16.72      -1.37     -5.08    -41.57  
       314       0.53     -0.03      0.94       1.89     -0.98     38.39      -1.38     -5.32    -41.19  
       315       0.35      0.00      0.95       3.11     -1.77     54.99      -1.39     -5.48    -40.63  
       316      -0.75     -0.10      0.98       5.37     -5.98     52.61      -1.43     -5.10    -40.11  
       317      -1.16     -0.12      1.32       7.63    -36.99     -2.56      -1.35     -5.47    -40.12  
       318      -0.83     -0.04      1.11      -4.21    -64.82    -68.30      -1.33     -6.13    -40.79  
       319      -0.39      0.06      1.24     -25.02    -44.43   -100.16      -1.48     -6.60    -41.79  
       320      -0.36      0.11      1.16     -54.14    -16.24    -97.41      -1.91     -6.79    -42.76  
       321      -0.40      0.07      1.06     -65.55    -11.66    -87.65      -2.46     -6.93    -43.64  
       322      -0.35      0.03      1.07     -64.51    -16.30    -63.90      -3.03     -7.12    -44.28  
       323      -0.35      0.04      1.07     -63.60    -17.27    -21.48      -3.64     -7.31    -44.48  
       324      -0.41      0.06      1.06     -59.33     -9.95     21.97      -4.26     -7.39    -44.26  
       325      -0.48      0.02      1.04     -44.07      3.17     51.57      -4.76     -7.32    -43.74  
       326      -0.52     -0.03      1.07     -16.11     19.10     66.71      -5.01     -7.08    -43.09  
       327      -0.52     -0.07      1.12      19.23     36.93     73.85      -4.91     -6.65    -42.38  
       328      -0.51     -0.10      1.17      53.28     55.36     77.45      -4.45     -6.03    -41.65  
       329      -0.48     -0.14      1.19      78.98     70.68     79.59      -3.74     -5.26    -40.91  
       330      -0.41     -0.19      1.19      93.99     79.59     83.62      -2.87     -4.41    -40.12  
       331      -0.31     -0.19      1.17      98.63     80.57     94.54      -1.96     -3.56    -39.22  
       332      -0.23     -0.18      1.10      94.79     75.44    113.83      -1.08     -2.77    -38.10  
       333      -0.18     -0.17      1.01      88.01     66.83    136.47      -0.26     -2.07    -36.75  
       334      -0.09     -0.17      0.95      84.41     56.46    157.29       0.52     -1.50    -35.18  
       335       0.03     -0.18      0.92      82.40     47.91    175.35       1.30     -1.04    -33.41  
       336       0.17     -0.20      0.92      74.71     49.26    187.81       2.01     -0.59    -31.53  
       337       0.39     -0.25      0.93      57.31     61.77    191.16       2.56     -0.04    -29.60  
       338       0.71     -0.32      0.95      33.87     83.25    184.75       2.90      0.71    -27.71  
       339       1.00     -0.39      0.95      12.88    114.75    166.08       3.05      1.77    -26.00  
       340       1.25     -0.36      1.03       5.00    146.85    130.98       3.14      3.16    -24.61  
       341       1.53     -0.25      1.16      13.31    153.08     84.05       3.32      4.65    -23.69  
       342       1.70     -0.20      1.29      33.81    122.99     39.37       3.70      5.85    -23.22  
       343       1.67     -0.20      1.41      58.84     67.32      2.69       4.30      6.52    -23.15  
       344       1.57     -0.21      1.46      78.06      2.26    -28.56       5.04      6.56    -23.43  
       345       1.40     -0.26      1.43      86.06    -55.79    -55.85       5.83      6.06    -24.04  
       346       1.20     -0.31      1.34      86.18    -96.68    -86.18       6.60      5.19    -25.00  
       347       0.96     -0.31      1.25      84.11   -122.38   -122.13       7.31      4.11    -26.36  
       348       0.74     -0.26      1.15      81.60   -138.06   -162.05       8.00      2.95    -28.15  
       349       0.57     -0.20      1.04      81.73   -140.20   -202.82       8.71      1.84    -30.36  
       350       0.39     -0.16      0.91      90.58   -124.63   -241.03       9.53      0.97    -32.93  
       351       0.19     -0.14      0.82     111.08    -94.42   -277.83      10.59      0.51    -35.83  
       352      -0.03     -0.15      0.76     139.53    -56.21   -314.64      11.96      0.53    -39.02  
       353      -0.27     -0.17      0.75     168.88    -20.08   -349.91      13.61      1.06    -42.49  
       354      -0.47     -0.26      0.77     192.26      3.97   -379.70      15.47      1.99    -46.17  
       355      -0.74     -0.42      0.85     203.55     12.76   -396.36      17.37      3.17    -49.96  
       356      -1.06     -0.51      0.93     191.77      7.63   -396.48      19.08      4.43    -53.72  
       357      -1.40     -0.49      0.92     147.77     -8.06   -380.13      20.28      5.59    -57.35  
       358      -1.70     -0.33      0.76      79.04    -26.92   -346.37      20.74      6.54    -60.71  
       359      -1.97     -0.04      0.56       6.16    -46.45   -289.73      20.47      7.14    -63.61  
       360      -2.11      0.30      0.38     -54.02    -66.53   -203.00      19.67      7.22    -65.76  
       361      -2.11      0.52      0.21     -90.27    -77.51    -88.44      18.62      6.79    -66.86  
       362      -2.04      0.46      0.13     -93.63    -65.12     33.45      17.70      6.06    -66.75  
       363      -1.91      0.24      0.23     -70.80    -28.38    135.25      17.12      5.38    -65.54  
       364      -1.46     -0.06      0.56     -30.88     64.88    250.67      17.06      5.26    -62.94  
       365      -1.18     -0.11      0.71     -31.07     91.19    281.43      17.02      5.31    -59.97  
       366      -0.89     -0.15      0.81     -38.76     94.12    306.15      16.93      5.32    -56.76  
       367      -0.64     -0.19      0.91     -48.71     78.80    324.52      16.75      5.13    -53.40  
       368      -0.39     -0.21      1.01     -61.28     49.26    328.55      16.44      4.65    -50.10  
       369      -0.05     -0.19      1.04     -77.76      8.18    316.47      15.90      3.83    -47.04  
       370       0.23     -0.16      0.99     -95.21    -38.94    295.41      15.13      2.65    -44.30  
       371       0.41     -0.12      0.93    -109.62    -80.51    268.98      14.15      1.17    -41.91  
       372       0.53     -0.05      0.89    -119.14   -105.22    242.19      13.00     -0.44    -39.81  
       373       0.65      0.02      0.87    -120.97   -108.03    221.37      11.78     -1.99    -37.90  
       374       0.79      0.06      0.83    -111.08    -91.00    209.78      10.60     -3.31    -36.04  
       375       0.93      0.02      0.83     -89.05    -59.45    203.86       9.60     -4.27    -34.13  
       376       1.05     -0.11      0.93     -61.46    -21.36    192.32       8.85     -4.80    -32.27  
       377       1.22     -0.23      1.09     -39.37     16.54    163.88       8.32     -4.89    -30.62  
       378       1.44     -0.28      1.23     -28.02     48.52    118.29       7.93     -4.58    -29.37  
       379       1.69     -0.23      1.28     -21.97     65.00     64.82       7.65     -4.03    -28.64  
       380       1.80     -0.22      1.31     -13.00     63.29     13.06       7.50     -3.42    -28.43  
       381       1.77     -0.20      1.37      -2.56     49.56    -36.01       7.50     -2.88    -28.72  
       382       1.69     -0.11      1.40       6.77     25.33    -73.55       7.60     -2.53    -29.42  
       383       1.55     -0.06      1.40      13.55      0.00    -97.35       7.78     -2.40    -30.38  
       384       1.36     -0.08      1.35      18.80    -19.23   -115.48       8.01     -2.43    -31.55  
       385       1.17     -0.12      1.26      27.40    -28.08   -136.11       8.35     -2.52    -32.94  
       386       1.00     -0.14      1.17      40.59    -27.89   -162.60       8.83     -2.57    -34.59  
       387       0.85     -0.13      1.10      54.69    -22.34   -192.69       9.46     -2.49    -36.53  
       388       0.67     -0.10      1.05      65.12    -15.81   -220.52      10.21     -2.28    -38.74  
       389       0.43     -0.06      1.03      70.74     -9.46   -244.75      11.01     -1.94    -41.16  
       390       0.20     -0.00      1.01      75.07     -4.46   -266.48      11.85     -1.48    -43.79  
       391       0.01      0.02      0.95      83.44     -3.23   -285.10      12.76     -0.92    -46.59  
       392      -0.21     -0.03      0.86      99.79     -4.52   -299.26      13.80     -0.30    -49.52  
       393      -0.48     -0.10      0.83     121.28     -7.51   -307.25      15.03      0.35    -52.51  
       394      -0.78     -0.17      0.90     135.38    -14.83   -305.30      16.37      1.00    -55.50  
       395      -1.16     -0.25      0.96     130.07    -23.07   -290.34      17.62      1.60    -58.35  
       396      -1.54     -0.26      0.97     105.10    -26.12   -266.11      18.59      2.15    -60.97  
       397      -1.83     -0.20      0.90      71.04    -17.15   -236.76      19.22      2.75    -63.27  
       398      -1.94     -0.05      0.77      41.93      3.66   -200.32      19.55      3.44    -65.15  
       399      -2.02      0.13      0.68      24.48     30.15   -145.63      19.72      4.21    -66.43  
       400      -2.08      0.24      0.60      13.85     51.27    -72.69      19.82      4.94    -66.94  
       401      -1.98      0.25      0.52       8.97     62.62      3.97      19.93      5.52    -66.69  
       402      -1.83      0.21      0.46       8.73     71.23     74.40      20.11      5.93    -65.74  
       403      -1.66      0.14      0.45       8.06     79.04    132.87      20.35      6.22    -64.22  
       404      -1.48      0.07      0.47       0.98     85.08    178.16      20.57      6.39    -62.24  
       405      -1.31      0.02      0.50     -13.49     88.44    213.32      20.69      6.47    -59.91  
       406      -1.12     -0.00      0.55     -33.51     89.48    241.09      20.65      6.45    -57.33  
       407      -0.88     -0.00      0.61     -55.36     88.01    263.98      20.41      6.35    -54.53  
       408      -0.63     -0.00      0.69     -73.36     80.08    283.57      20.01      6.11    -51.58  
       409      -0.36     -0.03      0.80     -83.98     62.50    298.83      19.49      5.67    -48.53  
       410      -0.04     -0.04      0.96     -90.27     37.78    307.19      18.89      5.00    -45.50  
       411       0.39     -0.04      1.09     -97.78      6.41    306.64      18.17      4.08    -42.57  
       412       0.81     -0.06      1.13    -107.79    -28.99    297.36      17.28      2.87    -39.82  
       413       1.06     -0.12      1.09    -114.87    -59.94    273.13      16.25      1.49    -37.39  
       414       1.20     -0.16      1.04    -112.98    -72.88    225.89      15.18      0.15    -35.43  
       415       1.31     -0.11      1.06    -102.48    -61.95    166.99      14.16     -0.87    -33.98  
       416       1.41     -0.03      1.10     -88.07    -36.62    118.23      13.26     -1.52    -32.92  
       417       1.49     -0.01      1.16     -72.08     -8.00     88.44      12.52     -1.80    -32.07  
       418       1.56     -0.05      1.26     -54.93     18.13     66.47      11.95     -1.76    -31.39  
       419       1.60     -0.10      1.39     -38.94     36.50     39.43      11.54     -1.49    -30.93  
       420       1.63     -0.10      1.49     -25.70     44.37      4.15      11.28     -1.07    -30.79  
       421       1.65     -0.04      1.52     -12.15     38.94    -36.13      11.17     -0.61    -31.07  
       422       1.61      0.02      1.49       7.26     19.41    -75.74      11.24     -0.27    -31.78  
       423       1.47      0.01      1.46      32.17    -11.96   -108.89      11.57     -0.18    -32.87  
       424       1.27      0.00      1.43      54.02    -47.18   -135.38      12.12     -0.37    -34.29  
       425       1.05     -0.01      1.35      67.14    -78.98   -157.90      12.80     -0.81    -36.00  
       426       0.82     -0.02      1.23      72.20   -102.05   -177.49      13.55     -1.41    -37.96  
       427       0.57     -0.04      1.07      73.43   -107.54   -197.51      14.34     -1.99    -40.13  
       428       0.33     -0.05      0.92      75.62    -90.39   -222.84      15.18     -2.32    -42.52  
       429       0.11     -0.04      0.79      81.24    -55.18   -254.09      16.09     -2.19    -45.12  
       430      -0.11     -0.03      0.71      88.87    -16.05   -284.67      17.09     -1.55    -47.89  
       431      -0.37     -0.07      0.73      93.63      7.81   -306.21      18.11     -0.58    -50.80  
       432      -0.75     -0.12      0.85      87.71      2.87   -310.42      19.01      0.41    -53.75  
       433      -1.15     -0.15      1.00      68.42    -28.44   -293.40      19.68      1.10    -56.61  
       434      -1.55     -0.11      1.11      39.86    -69.46   -252.87      20.02      1.30    -59.22  
       435      -1.97     -0.04      1.12      10.13   -101.26   -193.24      20.08      1.01    -61.39  
       436      -2.25      0.04      1.02     -10.86   -109.62   -127.99      19.94      0.42    -62.97  
       437      -2.31      0.14      0.84     -15.56    -87.10    -64.76      19.78     -0.18    -63.87  
       438      -2.16      0.24      0.69      -2.50    -39.25     -7.26      19.75     -0.52    -64.07  
       439      -1.91      0.28      0.58      19.23     16.30     44.49      19.94     -0.52    -63.60  
       440      -1.66      0.26      0.47      35.64     64.70     90.82      20.29     -0.22    -62.52  
       441      -1.43      0.20      0.41      39.61     99.79    130.43      20.68      0.26    -60.96  
       442      -1.19      0.13      0.41      30.15    118.10    162.78      20.99      0.79    -59.01  
       443      -1.01      0.07      0.51       8.91    117.61    187.56      21.10      1.21    -56.84  
       444      -0.81      0.04      0.65     -19.96     96.19    207.09      20.96      1.37    -54.56  
       445      -0.62      0.04      0.76     -51.33     61.52    227.72      20.50      1.13    -52.22  
       446      -0.43      0.05      0.82     -77.27     25.94    251.46      19.78      0.49    -49.77  
       447      -0.23      0.01      0.88     -91.74     -5.80    272.58      18.88     -0.48    -47.22  
       448      -0.01     -0.03      0.98     -95.15    -31.74    284.48      17.90     -1.70    -44.64  
       449       0.23     -0.03      1.06     -93.20    -47.85    285.77      16.90     -3.04    -42.06  
       450       0.49     -0.03      1.06     -87.22    -49.50    278.38      15.89     -4.32    -39.54  
       451       0.77     -0.05      1.01     -74.65    -33.26    261.54      14.96     -5.36    -37.11  
       452       1.05     -0.11      0.97     -57.50     -1.65    233.89      14.17     -5.98    -34.84  
       453       1.28     -0.14      0.96     -42.91     33.87    195.19      13.54     -6.12    -32.85  
       454       1.46     -0.14      1.00     -34.18     58.84    148.99      13.02     -5.91    -31.26  
       455       1.60     -0.12      1.10     -31.37     68.42    102.72      12.59     -5.47    -30.10  
       456       1.68     -0.07      1.19     -33.63     66.53     64.39      12.18     -4.96    -29.32  
       457       1.73     -0.05      1.24     -37.17     56.21     34.30      11.77     -4.48    -28.87  
       458       1.73     -0.05      1.27     -35.52     42.18      6.53      11.40     -4.08    -28.72  
       459       1.67     -0.05      1.32     -25.63     27.71    -23.44      11.16     -3.76    -28.89  
       460       1.42     -0.02      1.33       9.52      2.14    -90.21      11.31     -3.57    -29.77  
       461       1.28     -0.02      1.29      28.81    -11.90   -121.34      11.68     -3.45    -30.99  
       462       1.13     -0.03      1.25      44.31    -28.26   -147.28      12.21     -3.43    -32.49  
       463       0.97     -0.03      1.18      52.98    -46.08   -166.14      12.84     -3.53    -34.22  
       464       0.78     -0.04      1.09      54.99    -61.89   -179.44      13.51     -3.73    -36.11  
       465       0.59     -0.04      1.00      53.96    -68.54   -191.59      14.18     -3.95    -38.13  
       466       0.40     -0.05      0.92      52.55    -60.67   -205.57      14.85     -4.03    -40.28  
       467       0.20     -0.05      0.85      51.76    -35.89   -222.72      15.53     -3.81    -42.53  
       468      -0.00     -0.04      0.80      51.33      0.98   -242.86      16.20     -3.15    -44.87  
       469      -0.21     -0.02      0.82      52.25     37.11   -263.49      16.86     -2.06    -47.30  
       470      -0.42     -0.00      0.92      54.69     56.76   -279.11      17.49     -0.70    -49.81  
       471      -0.65      0.01      1.01      57.86     51.88   -282.23      18.11      0.63    -52.35  
       472      -0.92      0.00      1.10      62.19     21.06   -268.19      18.70      1.66    -54.83  
       473      -1.24     -0.07      1.15      65.86    -30.88   -237.37      19.29      2.14    -57.18  
       474      -1.61     -0.13      1.15      63.96    -86.30   -192.87      19.85      1.96    -59.29  
       475      -1.96     -0.13      1.07      54.44   -120.30   -143.07      20.33      1.31    -61.04  
       476      -2.15     -0.02      0.90      39.18   -114.20    -95.89      20.69      0.57    -62.34  
       477      -2.09      0.14      0.67      24.90    -67.69    -49.80      20.93      0.12    -63.05  
       478      -1.88      0.26      0.48      18.43      0.98     -3.72      21.12      0.14    -63.08  
       479      -1.64      0.28      0.35      18.37     64.82     37.72      21.31      0.61    -62.49  
       480      -1.38      0.25      0.32      17.46    106.02     72.63      21.49      1.33    -61.43  
       481      -1.16      0.19      0.37       9.16    119.08    103.52      21.62      2.06    -60.03  
       482      -1.02      0.13      0.49      -8.30    103.82    131.96      21.59      2.54    -58.42  
       483      -0.95      0.08      0.59     -33.14     67.75    159.91      21.34      2.58    -56.68  
       484      -0.89      0.06      0.64     -58.29     28.32    188.42      20.84      2.16    -54.82  
       485      -0.78      0.06      0.68     -76.17     -0.24    216.19      20.15      1.39    -52.80  
       486      -0.59      0.03      0.74     -85.14    -15.56    239.87      19.35      0.42    -50.60  
       487      -0.37      0.01      0.80     -89.72    -22.34    258.18      18.47     -0.65    -48.24  
       488      -0.13     -0.02      0.83     -92.90    -24.72    269.23      17.52     -1.74    -45.76  
       489       0.16     -0.04      0.87     -95.64    -24.11    270.94      16.48     -2.78    -43.25  
       490       0.46     -0.07      0.90     -98.88    -21.73    264.59      15.38     -3.74    -40.77  
       491       0.69     -0.10      0.89     -99.61    -16.24    247.68      14.23     -4.55    -38.42  
       492       0.85     -0.11      0.92     -92.96     -5.07    218.57      13.13     -5.14    -36.31  
       493       0.95     -0.09      0.97     -78.98     12.21    182.43      12.18     -5.43    -34.50  
       494       1.05     -0.04      1.06     -62.81     29.85    145.57      11.41     -5.45    -33.00  
       495       1.20      0.00      1.14     -49.68     40.10    113.10      10.80     -5.28    -31.81  
       496       1.32     -0.01      1.21     -41.44     38.57     90.64      10.29     -5.07    -30.84  
       497       1.37     -0.04      1.28     -37.54     28.20     72.20       9.85     -4.92    -30.08  
       498       1.35     -0.06      1.32     -35.64     16.42     49.99       9.45     -4.84    -29.56  
       499       1.30     -0.05      1.33     -33.14      5.19     23.50       9.10     -4.83    -29.32  
       500       1.23     -0.03      1.35     -26.67     -7.08     -2.14       8.83     -4.90    -29.35  
       501       1.15      0.00      1.34     -15.99    -19.41    -24.17       8.70     -5.05    -29.62  
       502       1.09      0.02      1.33      -2.81    -29.60    -44.49       8.71     -5.28    -30.11  
       503       1.01      0.01      1.29      10.38    -36.68    -64.82       8.88     -5.54    -30.81  
       504       0.93      0.01      1.25      21.61    -40.28    -84.84       9.18     -5.81    -31.71  
       505       0.84      0.02      1.20      30.09    -37.66   -104.92       9.60     -6.02    -32.81  
       506       0.75      0.04      1.15      36.07    -29.11   -125.31      10.09     -6.09    -34.10  
       507       0.71      0.07      1.09      40.47    -19.29   -145.32      10.65     -6.03    -35.57  
       508       0.67      0.10      1.05      44.43    -15.20   -162.72      11.27     -5.88    -37.21  
       509       0.59      0.10      1.03      46.63    -21.97   -175.23      11.91     -5.75    -38.98  
       510       0.46      0.08      1.02      44.01    -37.90   -181.82      12.55     -5.75    -40.85  
       511       0.29      0.06      1.00      37.78    -52.92   -185.36      13.12     -5.86    -42.79  
       512       0.12      0.06      0.97      34.12    -58.17   -190.49      13.66     -5.99    -44.78  
       513      -0.07      0.04      0.95      38.09    -52.55   -196.90      14.25     -6.04    -46.83  
       514      -0.29      0.01      0.95      48.77    -39.12   -204.71      14.96     -5.92    -48.92  
       515      -0.50      0.00      0.99      58.96    -25.82   -211.12      15.77     -5.62    -51.04  
       516      -0.67      0.04      1.02      59.94    -22.52   -207.89      16.57     -5.27    -53.11  
       517      -0.85      0.06      0.98      50.60    -31.31   -188.29      17.25     -5.03    -55.01  
       518      -1.07      0.04      0.90      38.33    -41.93   -156.74      17.78     -4.97    -56.64  
       519      -1.33     -0.01      0.83      28.87    -39.55   -124.08      18.18     -4.97    -57.95  
       520      -1.54     -0.05      0.81      24.60    -13.00    -99.61      18.51     -4.78    -58.94  
       521      -1.64     -0.00      0.84      23.38     29.66    -81.85      18.80     -4.24    -59.62  
       522      -1.64      0.09      0.83      20.51     65.67    -58.72      19.03     -3.43    -59.97  
       523      -1.58      0.19      0.75      15.93     79.04    -22.09      19.19     -2.61    -59.92  
       524      -1.49      0.25      0.64      11.47     71.23     27.65      19.29     -2.03    -59.43  
       525      -1.41      0.27      0.52       6.59     55.48     83.86      19.31     -1.78    -58.45  
       526      -1.32      0.22      0.40       0.79     45.47    136.35      19.28     -1.80    -57.01  
       527      -1.18      0.15      0.36      -6.71     47.24    178.59      19.15     -1.94    -55.17  
       528      -1.01      0.09      0.41     -18.07     55.42    208.37      18.90     -2.10    -53.01  
       529      -0.82      0.03      0.52     -34.55     60.73    228.58      18.47     -2.27    -50.65  
       530      -0.60     -0.01      0.62     -53.10     58.29    243.59      17.84     -2.49    -48.16  
       531      -0.41     -0.02      0.72     -68.97     49.74    255.98      17.03     -2.80    -45.57  
       532      -0.22     -0.06      0.82     -78.37     37.96    265.75      16.12     -3.22    -42.91  
       533       0.01     -0.09      0.93     -81.18     28.87    270.14      15.16     -3.69    -40.23  
       534       0.26     -0.13      1.07     -81.67     25.51    265.38      14.17     -4.14    -37.60  
       535       0.52     -0.17      1.16     -84.35     24.35    250.31      13.15     -4.52    -35.11  
       536       0.78     -0.17      1.22     -88.44     26.67    226.56      12.08     -4.77    -32.83  
       537       1.02     -0.14      1.21     -90.03     32.84    197.02      11.02     -4.86    -30.83  
       538       1.22     -0.12      1.19     -84.47     39.31    163.57      10.03     -4.79    -29.14  
       539       1.35     -0.10      1.20     -70.74     45.23    130.00       9.21     -4.57    -27.78  
       540       1.44     -0.10      1.29     -55.36     49.56     99.79       8.57     -4.24    -26.71  
       541       1.50     -0.12      1.37     -44.56     50.78     71.72       8.07     -3.85    -25.92  
       542       1.55     -0.13      1.43     -37.41     48.03     42.24       7.66     -3.43    -25.44  
       543       1.56     -0.15      1.46     -29.79     38.76     10.68       7.36     -3.06    -25.28  
       544       1.48     -0.15      1.47     -20.51     22.16    -20.02       7.16     -2.81    -25.45  
       545       1.34     -0.15      1.44     -10.93      1.89    -48.89       7.08     -2.74    -25.93  
       546       1.20     -0.15      1.40      -1.53    -16.85    -75.56       7.09     -2.81    -26.70  
       547       1.05     -0.13      1.32       9.09    -30.82    -99.49       7.23     -2.99    -27.73  
       548       0.90     -0.11      1.24      21.91    -38.15   -121.52       7.52     -3.21    -28.99  
       549       0.76     -0.11      1.17      35.77    -40.22   -143.62       7.96     -3.43    -30.47  
       550       0.62     -0.10      1.09      47.12    -39.37   -163.70       8.53     -3.59    -32.15  
       551       0.47     -0.09      1.01      53.34    -36.44   -179.93       9.18     -3.68    -33.98  
       552       0.31     -0.09      0.93      54.50    -31.31   -193.60       9.85     -3.68    -35.95  
       553       0.15     -0.08      0.91      51.39    -26.61   -205.81      10.50     -3.59    -38.02  
       554       0.03     -0.02      0.91      45.84    -26.55   -214.11      11.10     -3.47    -40.18  
       555      -0.07      0.04      0.89      40.89    -28.99   -215.52      11.63     -3.33    -42.36  
       556      -0.34      0.02      0.90      39.37    -29.60   -198.61      12.15     -3.22    -44.36  
       557      -0.53     -0.02      0.97      36.68    -30.03   -187.81      12.62     -3.12    -46.27  
       558      -0.69     -0.01      1.05      30.09    -38.57   -178.89      13.02     -3.11    -48.10  
       559      -0.83      0.04      1.08      21.06    -60.00   -164.12      13.33     -3.32    -49.83  
       560      -1.01      0.07      1.05      13.49    -86.91   -138.55      13.55     -3.85    -51.39  
       561      -1.24      0.05      0.98      10.50   -101.50   -106.69      13.74     -4.59    -52.66  
       562      -1.45      0.05      0.93      11.96    -87.34    -78.55      13.94     -5.25    -53.64  
       563      -1.52      0.10      0.89      15.75    -44.86    -56.58      14.16     -5.55    -54.30  
       564      -1.47      0.17      0.84      21.67      8.85    -34.73      14.40     -5.37    -54.61  
       565      -1.36      0.23      0.78      28.63     52.25     -7.39      14.68     -4.85    -54.56  
       566      -1.21      0.25      0.71      32.17     73.61     26.55      14.97     -4.21    -54.11  
       567      -1.07      0.24      0.65      28.50     73.12     64.70      15.19     -3.66    -53.29  
       568      -0.98      0.18      0.63      17.76     56.52    100.10      15.30     -3.38    -52.18  
       569      -0.94      0.12      0.67       0.18     32.29    128.17      15.22     -3.41    -50.86  
       570      -0.91      0.11      0.69     -21.91      9.77    150.39      14.91     -3.71    -49.38  
       571      -0.83      0.15      0.68     -40.53     -2.08    169.86      14.40     -4.17    -47.74  
       572      -0.72      0.16      0.65     -49.56     -0.73    189.70      13.77     -4.65    -45.90  
       573      -0.56      0.11      0.65     -50.48      9.83    209.72      13.10     -5.05    -43.83  
       574      -0.37      0.05      0.71     -50.05     23.19    225.59      12.40     -5.34    -41.57  
       575      -0.10      0.01      0.79     -53.22     32.78    235.90      11.65     -5.53    -39.19  
       576       0.21     -0.03      0.88     -59.27     35.28    241.39      10.82     -5.66    -36.74  
       577       0.53     -0.07      0.94     -65.61     32.04    238.10       9.93     -5.80    -34.33  
       578       0.87     -0.09      0.96     -69.52     27.77    219.36       9.00     -5.90    -32.11  
       579       1.10     -0.10      0.94     -67.99     24.23    188.35       8.13     -5.96    -30.20  
       580       1.20     -0.13      0.98     -59.88     23.74    152.40       7.37     -5.94    -28.65  
       581       1.24     -0.14      1.08     -50.60     25.39    118.96       6.74     -5.84    -27.43  
       582       1.26     -0.14      1.18     -45.78     26.18     91.80       6.19     -5.69    -26.48  
       583       1.29     -0.14      1.24     -43.03     22.89     67.99       5.69     -5.53    -25.78  
       584       1.33     -0.13      1.29     -36.62     15.44     45.47       5.27     -5.42    -25.31  
       585       1.33     -0.14      1.34     -26.43      5.00     23.50       4.98     -5.39    -25.07  
       586       1.29     -0.16      1.35     -15.38     -6.71      0.92       4.83     -5.47    -25.07  
       587       1.22     -0.17      1.35      -5.98    -19.78    -22.28       4.80     -5.64    -25.31  
       588       1.12     -0.17      1.33       0.79    -34.36    -45.47       4.85     -5.94    -25.79  
       589       1.01     -0.15      1.29       6.41    -48.89    -67.99       4.99     -6.38    -26.51  
       590       0.91     -0.12      1.23      12.51    -62.32    -88.62       5.22     -6.92    -27.45  
       591       0.76     -0.10      1.17      19.71    -70.86   -106.02       5.55     -7.53    -28.59  
       592       0.61     -0.10      1.10      26.37    -68.54   -121.22       5.98     -8.09    -29.87  
       593       0.49     -0.08      1.04      31.74    -51.39   -137.39       6.50     -8.46    -31.30  
       594       0.41     -0.05      0.99      37.11    -22.95   -155.33       7.11     -8.51    -32.89  
       595       0.35     -0.00      0.95      43.76      8.61   -174.01       7.80     -8.21    -34.62  
       596       0.33      0.05      0.93      50.84     34.79   -192.75       8.58     -7.61    -36.51  
       597       0.30      0.08      0.94      56.82     47.24   -210.39       9.42     -6.83    -38.53  
       598       0.26      0.11      0.98      61.58     37.78   -223.51      10.29     -6.09    -40.69  
       599       0.19      0.14      1.02      63.48      4.03   -225.34      11.16     -5.65    -42.91  
       600      -0.01      0.10      1.00      61.28    -42.54   -213.68      11.99     -5.65    -45.10  
       601      -0.27      0.02      0.96      56.21    -84.11   -196.35      12.76     -6.06    -47.21  
       602      -0.52      0.00      0.93      48.58   -104.19   -180.60      13.45     -6.68    -49.21  
       603      -0.70      0.01      0.86      37.54    -97.29   -168.21      14.05     -7.23    -51.09  
       604      -0.81      0.05      0.75      26.73    -68.42   -157.96      14.53     -7.51    -52.80  
       605      -0.92      0.04      0.66      21.97    -27.59   -147.71      14.95     -7.41    -54.31  
       606      -1.11     -0.04      0.73      25.21     10.80   -138.79      15.37     -6.95    -55.63  
       607      -1.27     -0.08      0.87      27.83     35.71   -130.80      15.79     -6.26    -56.81  
       608      -1.43     -0.06      0.94      22.64     47.61   -114.69      16.12     -5.49    -57.79  
       609      -1.56     -0.01      0.93      13.92     47.55    -85.45      16.33     -4.80    -58.48  
       610      -1.61      0.08      0.86       6.23     38.09    -42.36      16.42     -4.31    -58.78  
       611      -1.57      0.15      0.74       0.37     25.33     11.23      16.41     -4.10    -58.60  
       612      -1.47      0.17      0.62      -4.15     15.69     66.89      16.31     -4.14    -57.91  
       613      -1.36      0.11      0.54      -9.64     12.57    118.77      16.13     -4.35    -56.74  
       614      -1.28      0.02      0.54     -18.31     15.93    164.12      15.83     -4.65    -55.11  
       615      -1.16     -0.04      0.60     -32.47     23.74    200.81      15.34     -4.97    -53.11  
       616      -0.99     -0.04      0.67     -50.42     32.23    232.67      14.63     -5.28    -50.77  
       617      -0.75     -0.02      0.73     -65.43     37.11    264.16      13.74     -5.59    -48.11  
       618      -0.45     -0.01      0.79     -73.00     36.07    295.41      12.72     -5.94    -45.14  
       619      -0.12     -0.04      0.87     -74.58     26.12    322.81      11.64     -6.39    -41.92  
       620       0.17     -0.15      0.94     -74.10      9.52    339.72      10.52     -6.99    -38.55  
       621       0.39     -0.26      0.97     -75.56     -6.47    337.52       9.36     -7.66    -35.22  
       622       0.59     -0.36      0.94     -79.83    -16.54    308.41       8.16     -8.33    -32.17  
       623       0.76     -0.38      0.91     -82.03    -16.91    256.77       6.97     -8.86    -29.63  
       624       0.97     -0.29      0.91     -80.14     -3.48    198.85       5.86     -9.14    -27.64  
       625       1.17     -0.20      0.91     -75.07     19.29    153.32       4.86     -9.10    -26.07  
       626       1.29     -0.19      0.94     -65.37     44.37    125.31       4.00     -8.77    -24.77  
       627       1.37     -0.24      1.05     -52.25     68.36    103.64       3.31     -8.16    -23.68  
       628       1.44     -0.29      1.22     -42.36     87.46     78.86       2.77     -7.33    -22.83  
       629       1.48     -0.32      1.39     -37.05     92.71     49.80       2.32     -6.43    -22.28  
       630       1.51     -0.29      1.54     -32.53     79.16     19.84       1.97     -5.65    -22.05  
       631       1.52     -0.25      1.61     -25.76     51.51     -7.51       1.72     -5.13    -22.10  
       632       1.48     -0.21      1.57     -13.73     19.47    -31.74       1.61     -4.92    -22.42  
       633       1.38     -0.23      1.50       3.72    -11.23    -55.18       1.70     -5.02    -22.98  
       634       1.25     -0.25      1.47      20.32    -37.84    -78.61       1.97     -5.37    -23.77  
       635       1.10     -0.26      1.40      30.46    -57.07   -101.68       2.37     -5.91    -24.82  
       636       0.98     -0.24      1.31      35.34    -68.42   -123.90       2.86     -6.54    -26.09  
       637       0.88     -0.22      1.19      38.57    -73.55   -143.43       3.41     -7.21    -27.57  
       638       0.78     -0.21      1.07      41.99    -72.39   -159.97       4.04     -7.83    -29.22  
       639       0.66     -0.21      1.00      45.04    -65.73   -175.42       4.74     -8.37    -31.04  
       640       0.55     -0.19      0.97      45.96    -57.31   -191.71       5.49     -8.78    -33.01  
       641       0.42     -0.16      0.96      45.29    -49.93   -206.42       6.26     -9.07    -35.14  
       642       0.29     -0.13      0.95      46.94    -42.18   -218.08       7.09     -9.26    -37.38  
       643       0.16     -0.11      0.92      54.87    -27.53   -229.13       8.01     -9.25    -39.72  
       644       0.07     -0.11      0.94      68.30     -8.42   -241.46       9.09     -8.99    -42.15  
       645      -0.01     -0.12      0.99      79.77      5.00   -250.55      10.27     -8.55    -44.65  
       646      -0.11     -0.10      1.02      81.36      2.01   -250.61      11.46     -8.08    -47.14  
       647      -0.23     -0.07      0.99      71.72    -21.06   -239.50      12.51     -7.81    -49.55  
       648      -0.44     -0.10      0.94      56.09    -52.61   -217.65      13.38     -7.86    -51.82  
       649      -0.73     -0.14      0.88      41.26    -71.53   -194.34      14.08     -8.10    -53.89  
       650      -0.99     -0.16      0.84      30.88    -61.71   -179.50      14.66     -8.26    -55.80  
       651      -1.22     -0.15      0.82      26.06    -25.70   -172.06      15.17     -8.07    -57.55  
       652      -1.43      0.03      0.83      22.52     47.97   -145.81      15.57     -7.23    -58.84  
       653      -1.47      0.10      0.78      17.46     58.17   -111.63      15.86     -6.37    -59.77  
       654      -1.47      0.14      0.74      13.06     52.25    -65.43      16.05     -5.69    -60.26  
       655      -1.48      0.14      0.72       8.73     40.53    -13.12      16.14     -5.26    -60.28  
       656      -1.50      0.09      0.69       2.75     31.31     37.17      16.13     -5.06    -59.83  
       657      -1.45      0.06      0.68      -4.15     28.99     79.65      16.01     -5.01    -58.98  
       658      -1.35      0.07      0.67     -12.82     30.58    116.15      15.78     -5.04    -57.77  
       659      -1.22      0.07      0.64     -22.52     29.24    148.74      15.42     -5.16    -56.26  
       660      -1.08      0.06      0.65     -32.17     25.70    177.55      14.94     -5.38    -54.47  
       661      -0.95      0.05      0.68     -42.18     25.02    202.39      14.33     -5.66    -52.44  
       662      -0.81      0.05      0.73     -50.90     29.24    223.82      13.59     -5.93    -50.19  
       663      -0.64      0.04      0.80     -54.75     36.80    244.20      12.79     -6.15    -47.71  
       664      -0.45     -0.00      0.86     -53.41     45.78    264.10      11.96     -6.29    -45.02  
       665      -0.24     -0.07      0.91     -50.35     53.04    279.42      11.15     -6.35    -42.16  
       666       0.00     -0.14      0.96     -50.54     53.96    284.12      10.32     -6.37    -39.25  
       667       0.25     -0.17      0.99     -57.13     47.73    278.56       9.44     -6.40    -36.41  
       668       0.51     -0.18      0.99     -68.05     35.95    266.11       8.45     -6.48    -33.71  
       669       0.69     -0.18      0.96     -77.58     24.17    248.96       7.39     -6.61    -31.20  
       670       0.81     -0.19      0.99     -81.60     16.11    226.93       6.32     -6.74    -28.91  
       671       0.91     -0.19      1.12     -79.16     11.66    200.68       5.28     -6.84    -26.89  
       672       1.02     -0.18      1.22     -72.63     11.84    172.67       4.35     -6.89    -25.14  
       673       1.11     -0.17      1.27     -61.83     18.07    142.64       3.56     -6.82    -23.70  
       674       1.18     -0.15      1.30     -46.02     27.10    111.88       2.97     -6.61    -22.55  
       675       1.23     -0.15      1.32     -28.32     36.68     83.01       2.58     -6.29    -21.70  
       676       1.29     -0.17      1.34     -13.18     45.78     56.82       2.38     -5.86    -21.11  
       677       1.35     -0.18      1.35      -3.66     51.03     33.57       2.31     -5.36    -20.75  
       678       1.38     -0.19      1.36       0.43     49.07     12.15       2.30     -4.88    -20.61  
       679       1.38     -0.20      1.36       1.59     40.41    -10.13       2.33     -4.47    -20.69  
       680       1.33     -0.21      1.35       2.93     25.57    -34.79       2.38     -4.20    -21.03  
       681       1.25     -0.21      1.36       6.65      6.04    -61.65       2.49     -4.11    -21.65  
       682       1.13     -0.19      1.35      12.63    -12.63    -87.10       2.68     -4.20    -22.53  
       683       1.00     -0.17      1.29      20.57    -25.94   -110.29       2.97     -4.41    -23.64  
       684       0.90     -0.13      1.21      31.19    -34.42   -131.47       3.38     -4.69    -24.98  
       685       0.82     -0.11      1.13      43.21    -40.47   -149.35       3.94     -5.00    -26.50  
       686       0.74     -0.13      1.06      52.80    -46.75   -163.88       4.61     -5.36    -28.17  
       687       0.63     -0.17      0.99      57.07    -53.16   -177.49       5.36     -5.74    -29.99  
       688       0.51     -0.19      0.94      55.79    -55.24   -192.38       6.11     -6.11    -31.97  
       689       0.38     -0.20      0.90      50.84    -51.33   -207.70       6.85     -6.40    -34.10  
       690       0.22     -0.21      0.89      45.78    -42.30   -222.47       7.56     -6.55    -36.38  
       691       0.07     -0.18      0.90      44.07    -28.63   -237.98       8.27     -6.53    -38.79  
       692      -0.07     -0.13      0.93      47.12    -16.54   -252.87       9.04     -6.33    -41.33  
       693      -0.21     -0.09      0.96      53.04    -15.38   -263.18       9.85     -6.06    -43.97  
       694      -0.39     -0.09      1.00      58.96    -28.02   -265.69      10.73     -5.88    -46.65  
       695      -0.56     -0.10      1.04      60.55    -48.22   -257.51      11.61     -5.88    -49.28  
       696      -0.75     -0.09      1.00      53.77    -62.74   -234.38      12.39     -6.02    -51.72  
       697      -0.97     -0.09      0.91      41.14    -59.63   -202.21      13.02     -6.17    -53.83  
       698      -1.17     -0.11      0.83      31.98    -37.05   -175.11      13.54     -6.14    -55.63  
       699      -1.32     -0.15      0.84      32.04     -5.43   -158.33      14.03     -5.82    -57.19  
       700      -1.47     -0.17      0.91      36.13     19.78   -145.51      14.53     -5.27    -58.56  
       701      -1.63     -0.15      0.95      36.32     29.79   -128.72      15.00     -4.66    -59.74  
       702      -1.73     -0.05      0.92      30.64     25.15   -101.38      15.38     -4.16    -60.66  
       703      -1.73      0.11      0.81      20.57     11.41    -56.88      15.62     -3.89    -61.18  
       704      -1.66      0.24      0.64      11.11     -2.69      4.52      15.73     -3.93    -61.14  
       705      -1.54      0.27      0.47       7.02     -7.14     70.19      15.75     -4.20    -60.49  
       706      -1.39      0.22      0.40       7.08      0.85    127.93      15.74     -4.53    -59.24  
       707      -1.26      0.10      0.42       3.54     17.82    173.95      15.63     -4.83    -57.52  
       708      -1.13      0.00      0.48      -7.75     38.39    206.85      15.38     -5.02    -55.42  
       709      -0.96     -0.06      0.55     -25.15     55.60    228.52      14.92     -5.09    -53.05  
       710      -0.75     -0.10      0.66     -42.18     62.99    243.77      14.28     -5.11    -50.53  
       711      -0.55     -0.12      0.79     -55.79     57.37    255.68      13.49     -5.19    -47.89  
       712      -0.34     -0.14      0.91     -67.02     41.44    262.94      12.57     -5.39    -45.23  
       713      -0.15     -0.14      0.99     -77.76     23.38    265.93      11.55     -5.75    -42.58  
       714       0.05     -0.13      1.00     -88.26      6.84    268.62      10.40     -6.22    -39.92  
       715       0.23     -0.14      0.98     -95.89     -7.63    272.40       9.15     -6.78    -37.23  
       716       0.40     -0.17      0.99     -98.21    -18.19    274.84       7.84     -7.40    -34.53  
       717       0.54     -0.19      1.01     -93.93    -21.00    273.38       6.56     -7.98    -31.83  
       718       0.66     -0.26      1.05     -83.25    -13.79    264.83       5.36     -8.42    -29.19  
       719       0.77     -0.31      1.10     -68.66      0.61    244.26       4.31     -8.65    -26.73  
       720       0.94     -0.33      1.17     -55.85     18.49    213.20       3.43     -8.62    -24.57  
       721       1.14     -0.33      1.17     -49.50     34.00    176.03       2.66     -8.39    -22.77  
       722       1.35     -0.30      1.14     -45.84     44.86    135.31       2.01     -8.00    -21.38  
       723       1.45     -0.26      1.13     -39.25     52.00     96.19       1.47     -7.51    -20.39  
       724       1.49     -0.25      1.19     -29.85     54.75     58.35       1.09     -6.98    -19.79  
       725       1.50     -0.23      1.28     -20.39     51.70     24.78       0.86     -6.47    -19.53  
       726       1.46     -0.24      1.35     -12.88     38.88     -2.50       0.73     -6.08    -19.55  
       727       1.38     -0.26      1.41      -6.04     17.27    -26.06       0.70     -5.91    -19.81  
       728       1.28     -0.27      1.45       0.24     -5.80    -49.74       0.75     -5.95    -20.31  
       729       1.18     -0.25      1.43       6.04    -24.78    -74.40       0.89     -6.20    -21.06  
       730       1.09     -0.21      1.37      14.40    -37.29    -97.90       1.14     -6.55    -22.05  
       731       0.99     -0.17      1.29      27.40    -42.72   -120.30       1.55     -6.95    -23.27  
       732       0.90     -0.16      1.21      43.70    -42.36   -143.68       2.17     -7.34    -24.73  
       733       0.80     -0.17      1.14      59.27    -39.61   -168.03       2.98     -7.67    -26.44  
       734       0.69     -0.17      1.07      70.56    -37.29   -191.04       3.94     -7.94    -28.38  
       735       0.58     -0.17      1.00      76.78    -36.32   -211.55       5.02     -8.16    -30.54  
       736       0.47     -0.17      0.95      79.16    -34.55   -229.92       6.14     -8.31    -32.88  
       737       0.38     -0.16      0.90      78.98    -31.13   -246.03       7.29     -8.35    -35.39  
       738       0.25     -0.16      0.89      76.23    -26.37   -258.24       8.43     -8.28    -38.01  
       739       0.13     -0.13      0.90      71.59    -23.44   -266.78       9.54     -8.12    -40.71  
       740       0.03     -0.08      0.91      66.96    -24.96   -270.14      10.60     -7.93    -43.45  
       741      -0.07     -0.04      0.90      64.82    -30.88   -265.38      11.61     -7.74    -46.14  
       742      -0.18     -0.04      0.89      64.03    -40.22   -251.34      12.60     -7.63    -48.70  
       743      -0.30     -0.05      0.89      61.95    -49.19   -231.08      13.54     -7.60    -51.09  
       744      -0.43     -0.08      0.87      56.58    -51.94   -208.80      14.39     -7.62    -53.26  
       745      -0.55     -0.10      0.81      49.68    -45.04   -190.92      15.15     -7.58    -55.23  
       746      -0.64     -0.10      0.75      44.68    -29.72   -181.70      15.84     -7.39    -57.08  
       747      -0.95     -0.18      0.72      38.21      3.78   -176.64      16.44     -6.88    -58.79  
       748      -1.13     -0.18      0.74      30.46     16.36   -172.91      16.94     -6.23    -60.41  
       749      -1.31     -0.15      0.78      18.98     24.29   -162.05      17.29     -5.53    -61.90  
       750      -1.44     -0.06      0.88       6.04     23.25   -140.63      17.47     -4.88    -63.18  
       751      -1.49      0.09      0.98      -9.40      9.58   -102.23      17.46     -4.49    -64.13  
       752      -1.48      0.25      0.95     -25.09    -13.06    -44.92      17.25     -4.48    -64.59  
       753      -1.40      0.32      0.82     -30.88    -33.75     21.42      16.93     -4.86    -64.49  
       754      -1.30      0.27      0.71     -22.09    -40.28     83.92      16.65     -5.49    -63.80  
       755      -1.21      0.16      0.65      -8.00    -28.56    133.42      16.46     -6.15    -62.60  
       756      -1.11      0.03      0.65       0.43     -3.36    166.08      16.29     -6.65    -61.01  
       757      -1.01     -0.06      0.69      -2.20     25.39    184.33      16.05     -6.92    -59.16  
       758      -0.89     -0.10      0.74     -15.50     49.68    195.31      15.65     -6.99    -57.13  
       759      -0.77     -0.09      0.80     -33.81     65.55    205.51      15.05     -6.91    -54.95  
       760      -0.60     -0.06      0.89     -49.01     67.57    220.03      14.28     -6.83    -52.64  
       761      -0.45     -0.06      0.99     -57.07     55.66    240.84      13.41     -6.88    -50.15  
       762      -0.36     -0.07      1.06     -59.51     41.14    263.24      12.50     -7.09    -47.47  
       763      -0.28     -0.08      1.07     -59.63     30.33    280.94      11.55     -7.40    -44.64  
       764      -0.17     -0.12      1.05     -57.80     24.11    292.05      10.60     -7.76    -41.71  
       765      -0.01     -0.15      1.03     -55.48     24.54    298.34       9.64     -8.06    -38.70  
       766       0.14     -0.17      1.02     -55.30     29.85    303.59       8.65     -8.28    -35.63  
       767       0.25     -0.19      1.00     -57.31     34.67    307.19       7.63     -8.39    -32.51  
       768       0.39     -0.25      0.99     -59.20     40.77    303.83       6.59     -8.39    -29.41  
       769       0.63     -0.29      1.05     -62.56     49.62    287.96       5.53     -8.23    -26.46  
       770       0.92     -0.31      1.09     -69.70     53.22    258.36       4.45     -7.95    -23.81  
       771       1.18     -0.30      1.06     -76.05     48.71    216.55       3.38     -7.64    -21.59  
       772       1.40     -0.27      1.11     -73.91     39.79    165.16       2.42     -7.33    -19.91  
       773       1.52     -0.24      1.23     -64.45     20.94    115.54       1.63     -7.17    -18.73  
       774       1.44     -0.21      1.23     -52.43     -4.58     78.13       1.01     -7.24    -17.95  
       775       1.34     -0.20      1.27     -36.68    -19.53     49.68       0.58     -7.45    -17.45  
       776       1.25     -0.21      1.28     -22.95    -22.64     28.26       0.31     -7.67    -17.17  
       777       1.19     -0.21      1.23     -11.66    -17.76      9.95       0.18     -7.86    -17.07  
       778       1.14     -0.23      1.21       1.65     -6.16    -10.74       0.21     -7.92    -17.18  
       779       1.10     -0.24      1.21      14.89      5.62    -36.80       0.41     -7.86    -17.55  
       780       1.04     -0.24      1.21      24.54     11.47    -66.53       0.75     -7.74    -18.22  
       781       0.98     -0.22      1.18      30.27      8.36    -97.23       1.18     -7.64    -19.20  
       782       0.90     -0.17      1.13      34.36     -0.67   -125.98       1.69     -7.62    -20.47  
       783       0.79     -0.13      1.06      38.57    -11.78   -149.96       2.28     -7.70    -21.98  
       784       0.67     -0.11      0.99      43.27    -21.42   -169.80       2.94     -7.84    -23.71  
       785       0.55     -0.10      0.93      47.55    -27.71   -187.93       3.68     -8.02    -25.61  
       786       0.43     -0.10      0.88      49.56    -29.54   -203.61       4.47     -8.18    -27.69  
       787       0.30     -0.11      0.85      48.65    -26.98   -215.21       5.26     -8.29    -29.88  
       788       0.19     -0.10      0.86      45.78    -24.29   -222.47       6.05     -8.32    -32.14  
       789       0.12     -0.05      0.89      41.81    -28.26   -224.43       6.80     -8.37    -34.42  
       790       0.08     -0.03      0.89      36.99    -40.10   -218.87       7.49     -8.51    -36.67  
       791      -0.01     -0.06      0.86      33.75    -53.65   -207.89       8.15     -8.77    -38.82  
       792      -0.10     -0.09      0.85      34.06    -59.08   -198.73       8.81     -9.07    -40.90  
       793      -0.16     -0.08      0.86      32.59    -56.09   -194.58       9.45     -9.33    -42.93  
       794      -0.18     -0.08      0.84      25.57    -52.43   -195.43      10.04     -9.53    -44.97  
       795      -0.21     -0.06      0.84      16.36    -55.18   -198.36      10.55     -9.72    -47.05  
       796      -0.31     -0.09      0.86       5.43    -68.05   -198.61      10.96    -10.03    -49.16  
       797      -0.52     -0.16      0.90      -8.73    -88.01   -196.23      11.24    -10.52    -51.28  
       798      -0.80     -0.23      0.97     -24.17   -104.86   -192.93      11.39    -11.17    -53.42  
       799      -1.02     -0.20      1.08     -39.43   -106.81   -188.78      11.40    -11.84    -55.52  
       800      -1.13     -0.02      1.20     -54.75    -91.06   -175.72      11.26    -12.39    -57.46  
       801      -1.15      0.20      1.21     -66.35    -60.79   -146.91      10.93    -12.70    -59.06  
       802      -1.05      0.38      1.09     -64.51    -21.97   -106.08      10.53    -12.72    -60.17  
       803      -0.89      0.44      0.96     -42.79     14.47    -60.06      10.23    -12.46    -60.75  
       804      -0.70      0.38      0.89      -7.87     39.37    -16.05      10.17    -12.05    -60.84  
       805      -0.51      0.29      0.86      24.60     52.80     20.87      10.35    -11.56    -60.53  
       806      -0.36      0.20      0.86      41.38     60.73     47.79      10.65    -11.05    -59.94  
       807      -0.23      0.12      0.83      39.73     66.96     62.81      10.90    -10.51    -59.18  
       808      -0.10      0.07      0.82      26.49     72.45     68.24      11.02     -9.93    -58.36  
       809       0.03      0.05      0.82       9.28     73.36     68.05      10.97     -9.34    -57.55  
       810       0.17      0.04      0.82      -5.19     61.95     63.90      10.79     -8.85    -56.79  
       811       0.31      0.07      0.95     -13.00     33.69     56.82      10.57     -8.62    -56.16  
       812       0.42      0.13      1.08     -21.12     -5.80     49.38      10.28     -8.77    -55.68  
       813       0.42      0.15      1.11     -34.55    -53.34     49.62       9.88     -9.39    -55.28  
       814       0.35      0.15      1.06     -48.71    -94.18     51.09       9.33    -10.40    -54.94  
       815       0.28      0.15      0.99     -56.64   -112.67     45.72       8.72    -11.59    -54.66  
       816       0.21      0.16      0.92     -56.27   -109.01     38.70       8.11    -12.73    -54.44  
       817       0.14      0.15      0.86     -48.34    -87.22     32.78       7.58    -13.63    -54.23  
       818       0.08      0.12      0.83     -35.83    -51.15     24.72       7.18    -14.17    -54.05  
       819       0.07      0.09      0.82     -22.03     -8.73     11.72       6.93    -14.28    -53.94  
       820       0.13      0.08      0.85      -9.46     27.59     -2.69       6.84    -14.00    -53.94  
       821       0.20      0.06      0.89      -0.24     48.95    -13.24       6.86    -13.50    -54.01  
       822       0.23      0.04      0.94       4.27     53.34    -18.92       6.93    -12.94    -54.14  
       823       0.25      0.03      0.98       3.36     42.54    -21.30       7.00    -12.50    -54.31  
       824       0.25      0.03      1.00      -2.87     21.00    -19.96       7.00    -12.27    -54.48  
       825       0.23      0.04      1.01     -12.82     -3.97    -14.34       6.91    -12.29    -54.63  
       826       0.18      0.04      1.00     -23.80    -25.63     -6.65       6.69    -12.53    -54.73  
       827       0.14      0.06      0.98     -32.17    -39.55      0.06       6.38    -12.93    -54.78  
       828       0.12      0.07      0.96     -35.16    -44.86      4.52       6.03    -13.38    -54.78  
       829       0.11      0.08      0.95     -31.92    -42.42      6.41       5.71    -13.80    -54.76  
       830       0.11      0.08      0.95     -23.93    -34.24      5.92       5.46    -14.15    -54.74  
       831       0.10      0.07      0.95     -13.92    -22.28      3.23       5.32    -14.38    -54.72  
       832       0.11      0.06      0.96      -4.58     -9.70     -1.16       5.28    -14.47    -54.74  
       833       0.11      0.05      0.96       2.69      1.40     -5.31       5.32    -14.45    -54.80  
       834       0.24      0.16      1.44       6.90      9.58     -8.54       5.41    -14.35    -54.88  
       835       0.01      0.03      1.30     -24.29     34.79     -8.79       5.18    -14.00    -54.94  
       836       0.11      0.03      1.06     -50.54     40.10    -15.56       4.70    -13.58    -55.06  
       837       0.14      0.03      1.02     -55.91     38.33    -15.93       4.17    -13.18    -55.19  
       838       0.10      0.04      1.02     -51.64     32.53    -11.96       3.68    -12.85    -55.29  
       839       0.10      0.05      1.00     -44.01     25.82     -9.95       3.26    -12.59    -55.37  
       840       0.10      0.04      0.97     -34.24     21.79     -8.06       2.93    -12.37    -55.44  
       841       0.08      0.04      0.97     -22.52     22.46     -4.64       2.71    -12.14    -55.48  
       842       0.07      0.03      1.01     -13.12     24.60     -1.28       2.58    -11.89    -55.48  
       843       0.14     -0.01      1.00      -9.89     10.01      2.56       2.48    -11.79    -55.45  
       844       0.12     -0.02      0.97     -10.68      0.85      3.85       2.36    -11.79    -55.41  
       845       0.10     -0.01      0.96      -9.03     -2.75      2.01       2.27    -11.82    -55.39  
       846       0.10      0.00      0.96      -5.49     -2.75     -0.37       2.21    -11.84    -55.39  
       847       0.10      0.01      0.96      -2.32     -2.20     -0.55       2.19    -11.87    -55.40  
       848       0.10      0.01      0.96      -1.04     -1.71      2.01       2.18    -11.88    -55.38  
       849       0.11      0.00      0.95      -2.14     -1.34      5.31       2.15    -11.90    -55.33  
       850       0.12     -0.01      0.95      -4.70     -0.43      8.06       2.08    -11.90    -55.24  
       851       0.13     -0.02      0.95      -8.00      0.55      9.70       1.98    -11.90    -55.15  
       852       0.13     -0.03      0.95     -11.17      0.92      9.95       1.85    -11.90    -55.04  
       853       0.12     -0.03      0.96     -13.31      2.26      7.75       1.70    -11.88    -54.96  
       854       0.11     -0.01      0.95     -14.89      2.50      2.99       1.54    -11.85    -54.93  
       855       0.11     -0.01      0.96     -13.73      3.85      1.28       1.41    -11.82    -54.92  
       856       0.10     -0.01      0.96     -11.35      4.94      2.01       1.29    -11.77    -54.89  
       857       0.10     -0.01      0.96      -9.58      4.82      2.32       1.19    -11.72    -54.87  
       858       0.09     -0.02      0.97      -8.85      4.21      1.95       1.09    -11.68    -54.85  
       859       0.09     -0.01      0.97      -8.91      2.69      1.59       1.00    -11.65    -54.83  
       860       0.10     -0.01      0.96      -8.36      1.59      1.46       0.91    -11.63    -54.82  
       861       0.10     -0.02      0.96      -7.20      1.40      1.40       0.84    -11.62    -54.81  
       862       0.10     -0.01      0.96      -6.53      1.16      0.79       0.77    -11.61    -54.79  
       863       0.10     -0.01      0.96      -6.41      0.49      0.12       0.71    -11.61    -54.79  
       864       0.11     -0.02      0.96      -6.16      0.31     -0.37       0.65    -11.60    -54.80  
       865       0.10     -0.02      0.95      -6.16      0.85     -0.92       0.59    -11.60    -54.81  
       866       0.12     -0.02      0.96      -6.53      2.26     -1.46       0.52    -11.57    -54.82  
       867       0.12     -0.03      0.91      -7.93      3.11     -1.59       0.45    -11.54    -54.84  
       868       0.09     -0.02      0.97      -3.60      7.08     -1.10       0.41    -11.47    -54.85  
       869       0.10     -0.01      0.96      -1.16      6.23     -0.18       0.40    -11.40    -54.85  
       870       0.10     -0.02      0.96      -0.43      6.65      1.28       0.40    -11.34    -54.84  
       871       0.09     -0.02      0.97      -0.12      6.84      2.01       0.39    -11.27    -54.82  
       872       0.09     -0.02      0.96       0.00      6.04      2.32       0.38    -11.21    -54.79  
       873       0.11     -0.01      0.94       0.06      5.62      2.38       0.38    -11.16    -54.77  
       874       0.14     -0.02      0.84       0.06      9.34      3.23       0.37    -11.06    -54.73  
       875       0.04     -0.03      1.48      -1.28     32.41      3.11       0.36    -10.74    -54.70  
       876       0.03     -0.04      0.92      -6.65     29.72      2.62       0.29    -10.44    -54.67  
       877       0.05     -0.02      1.00      -2.08      8.42      1.95       0.26    -10.36    -54.65  
       878       0.06     -0.03      0.96      -0.61      2.93      0.73       0.25    -10.33    -54.64  
       879       0.07     -0.02      0.96      -0.24      0.92      0.31       0.25    -10.32    -54.64  
       880       0.07     -0.02      0.96      -0.12      0.24      0.12       0.25    -10.32    -54.64  
